2 0.99375 0.93203125 0.0125 0.0703125
2 0.88203125 0.7953125 0.05625 0.1
2 0.828125 0.95546875 0.053125 0.0484375
2 0.825 0.8734375 0.0453125 0.078125
2 0.7828125 0.85859375 0.05 0.0875
2 0.7390625 0.8484375 0.04375 0.0859375
2 0.8203125 0.721875 0.0578125 0.0953125
2 0.95078125 0.6078125 0.0609375 0.0953125
2 0.99140625 0.62109375 0.0171875 0.0984375
2 0.97890625 0.4171875 0.0390625 0.0875
2 0.934375 0.428125 0.071875 0.096875
2 0.9734375 0.28515625 0.03125 0.0890625
2 0.9546875 0.18359375 0.053125 0.0703125
2 0.9 0.26328125 0.065625 0.0875
2 0.85078125 0.2546875 0.0515625 0.0875
2 0.7640625 0.26015625 0.0578125 0.090625
2 0.70625 0.26640625 0.06875 0.0875
2 0.78828125 0.359375 0.05625 0.0828125
2 0.7484375 0.39453125 0.05 0.078125
2 0.7015625 0.384375 0.05 0.08125
2 0.78671875 0.44453125 0.0515625 0.0828125
2 0.8359375 0.471875 0.053125 0.09375
2 0.8390625 0.55546875 0.0828125 0.0671875
2 0.77421875 0.57734375 0.059375 0.1
2 0.7296875 0.5640625 0.059375 0.0875
2 0.678125 0.5484375 0.0578125 0.090625
2 0.6609375 0.46796875 0.05 0.075
2 0.696875 0.45 0.0703125 0.071875
2 0.615625 0.42421875 0.059375 0.053125
2 0.60546875 0.35078125 0.0515625 0.090625
2 0.56015625 0.31796875 0.059375 0.078125
2 0.60703125 0.253125 0.053125 0.075
2 0.48203125 0.27734375 0.0515625 0.0859375
2 0.45234375 0.3265625 0.0515625 0.08125
2 0.4078125 0.3390625 0.0578125 0.0875
2 0.40390625 0.2515625 0.0734375 0.075
2 0.30078125 0.32421875 0.0765625 0.0625
2 0.25 0.3484375 0.053125 0.0703125
2 0.23828125 0.28046875 0.059375 0.078125
2 0.21640625 0.10625 0.0640625 0.084375
2 0.16875 0.29140625 0.0546875 0.090625
2 0.67265625 0.71953125 0.071875 0.096875
2 0.6734375 0.825 0.040625 0.084375
2 0.6359375 0.81875 0.0515625 0.078125
2 0.56015625 0.790625 0.0671875 0.0765625
2 0.571875 0.71171875 0.0609375 0.0703125
2 0.6640625 0.95234375 0.0609375 0.078125
2 0.55859375 0.91328125 0.053125 0.090625
2 0.48203125 0.96875 0.071875 0.0625
2 0.3078125 0.83046875 0.0703125 0.071875
2 0.3875 0.78984375 0.0515625 0.0859375
2 0.315625 0.740625 0.05625 0.0828125
2 0.35234375 0.678125 0.0640625 0.075
2 0.5015625 0.72109375 0.05 0.078125
2 0.475 0.7046875 0.05 0.078125
2 0.43984375 0.68828125 0.0453125 0.075
2 0.39296875 0.590625 0.0515625 0.0828125
2 0.45546875 0.60703125 0.053125 0.0859375
2 0.3390625 0.6015625 0.04375 0.0875
2 0.296875 0.5203125 0.05 0.08125
2 0.3015625 0.45546875 0.0421875 0.075
2 0.35 0.44765625 0.053125 0.0828125
2 0.3734375 0.48125 0.0609375 0.06875
2 0.428125 0.47109375 0.04375 0.090625
2 0.46484375 0.47890625 0.046875 0.090625
2 0.50078125 0.49140625 0.05 0.0859375
2 0.55078125 0.46875 0.0640625 0.0796875
2 0.5984375 0.52890625 0.053125 0.08125
2 0.63515625 0.5328125 0.05625 0.0828125
2 0.571875 0.6140625 0.04375 0.090625
2 0.10078125 0.28828125 0.065625 0.0875
2 0.05390625 0.24140625 0.0640625 0.0765625
2 0.0171875 0.21640625 0.034375 0.0703125
2 0.04453125 0.059375 0.046875 0.05625
2 0.03515625 0.0734375 0.0703125 0.084375
2 0.0328125 0.3421875 0.05625 0.0875
2 0.090625 0.36953125 0.0546875 0.0859375
2 0.13125 0.384375 0.05 0.08125
2 0.178125 0.3984375 0.0515625 0.0859375
2 0.21484375 0.4109375 0.0421875 0.075
2 0.2265625 0.47265625 0.078125 0.046875
2 0.1859375 0.53046875 0.0703125 0.0765625
2 0.13984375 0.5390625 0.0640625 0.0765625
2 0.09609375 0.4640625 0.0703125 0.0765625
2 0.04140625 0.48828125 0.0671875 0.071875
2 0.01640625 0.44140625 0.0328125 0.0609375
2 0.06875 0.55703125 0.0765625 0.071875
2 0.0984375 0.621875 0.046875 0.0859375
2 0.165625 0.6109375 0.0703125 0.075
2 0.21640625 0.65 0.0484375 0.0828125
2 0.18203125 0.72890625 0.046875 0.0859375
2 0.14609375 0.7578125 0.05625 0.078125
2 0.0375 0.63046875 0.0609375 0.0734375
2 0.1390625 0.90703125 0.0703125 0.0828125
2 0.07890625 0.92890625 0.0578125 0.08125
2 0.18671875 0.98125 0.0578125 0.0375
2 0.29375 0.98125 0.09375 0.0375
0 0.9375 0.81875 0.0109375 0.0171875
0 0.975 0.921875 0.0109375 0.0125
0 0.95859375 0.9046875 0.0109375 0.0125
0 0.93671875 0.8875 0.028125 0.021875
0 0.9734375 0.703125 0.0140625 0.0140625
0 0.921875 0.7796875 0.0109375 0.0171875
0 0.85390625 0.7171875 0.0109375 0.0125
0 0.8421875 0.7953125 0.0125 0.009375
0 0.89296875 0.89375 0.0109375 0.015625
0 0.734375 0.77421875 0.009375 0.009375
0 0.8734375 0.62265625 0.0171875 0.01875
0 0.915625 0.57890625 0.0109375 0.015625
0 0.95625 0.49296875 0.0125 0.0109375
0 0.99140625 0.52578125 0.015625 0.0109375
0 0.92265625 0.47265625 0.0078125 0.015625
0 0.8859375 0.34609375 0.0125 0.009375
0 0.83671875 0.3296875 0.0265625 0.01875
0 0.6625 0.32734375 0.0125 0.009375
0 0.64140625 0.3421875 0.0140625 0.0171875
0 0.65546875 0.37265625 0.0125 0.009375
0 0.75 0.453125 0.0203125 0.03125
0 0.7890625 0.50703125 0.0109375 0.015625
0 0.8046875 0.59140625 0.0140625 0.0171875
0 0.9 0.58671875 0.0421875 0.03125
0 0.7703125 0.728125 0.0203125 0.01875
0 0.65625 0.6359375 0.0171875 0.0140625
0 0.6796875 0.6203125 0.009375 0.009375
0 0.67421875 0.60546875 0.0125 0.0109375
0 0.62734375 0.59140625 0.0125 0.0109375
0 0.615625 0.615625 0.0109375 0.0125
0 0.63671875 0.72421875 0.0140625 0.034375
0 0.634375 0.69921875 0.003125 0.009375
0 0.6015625 0.69140625 0.0578125 0.0359375
0 0.609375 0.846875 0.0140625 0.0140625
0 0.50546875 0.81640625 0.0359375 0.0296875
0 0.5328125 0.72578125 0.0296875 0.0265625
0 0.54609375 0.6453125 0.0125 0.009375
0 0.5453125 0.65546875 0.009375 0.003125
0 0.52421875 0.64453125 0.0125 0.009375
0 0.52421875 0.63359375 0.009375 0.0046875
0 0.5140625 0.62265625 0.009375 0.0078125
0 0.50859375 0.6078125 0.0125 0.0109375
0 0.5375 0.56015625 0.009375 0.009375
0 0.50859375 0.56796875 0.0125 0.009375
0 0.7890625 0.7078125 0.0109375 0.015625
0 0.734375 0.73828125 0.009375 0.0078125
0 0.44609375 0.8359375 0.0125 0.009375
0 0.44140625 0.803125 0.025 0.0234375
0 0.54609375 0.6109375 0.0109375 0.021875
0 0.51015625 0.36015625 0.0109375 0.0125
0 0.51953125 0.36484375 0.0109375 0.0125
0 0.528125 0.40234375 0.009375 0.0046875
0 0.403125 0.4171875 0.0109375 0.0125
0 0.4734375 0.42265625 0.0109375 0.0125
0 0.36171875 0.3265625 0.009375 0.009375
0 0.33828125 0.35703125 0.0109375 0.0125
0 0.403125 0.70703125 0.03125 0.046875
0 0.43984375 0.40390625 0.0125 0.0109375
0 0.44296875 0.42265625 0.0140625 0.01875
0 0.4484375 0.3703125 0.0125 0.0109375
0 0.4390625 0.3625 0.009375 0.0078125
2 0.55625 0.38984375 0.0640625 0.0671875
2 0.534375 0.8421875 0.0421875 0.065625
0 0.278125 0.596875 0.0140625 0.0140625
0 0.2546875 0.60078125 0.0140625 0.01875
0 0.2453125 0.54296875 0.078125 0.0796875
0 0.39921875 0.8953125 0.025 0.021875
0 0.25 0.8140625 0.0125 0.009375
0 0.25859375 0.734375 0.0171875 0.0171875
2 0.0078125 0.28359375 0.015625 0.0796875
2 0.73515625 0.9640625 0.053125 0.0421875
2 0.0265625 0.73828125 0.0265625 0.071875
2 0.5859375 0.97578125 0.08125 0.0421875
2 0.23125 0.09609375 0.028125 0.06875
2 0.03125 0.9015625 0.0140625 0.0671875
2 0.3 0.9796875 0.021875 0.040625
0 0.0828125 0.9734375 0.09375 0.053125
0 0.978125 0.7515625 0.021875 0.0234375
0 0.6359375 0.15 0.034375 0.0234375
0 0.38515625 0.0484375 0.0234375 0.0234375
2 0.971875 0.3265625 0.0375 0.040625
2 0.93984375 0.14453125 0.071875 0.0515625