2 0.15703125 0.159375 0.1046875 0.13125
2 0.0078125 0.1375 0.015625 0.071875
2 0.89609375 0.11484375 0.075 0.10625
2 0.85859375 0.19921875 0.0875 0.1171875
2 0.8109375 0.2015625 0.0796875 0.10625
2 0.7234375 0.21484375 0.084375 0.1171875
2 0.66328125 0.2390625 0.096875 0.115625
2 0.56953125 0.23515625 0.075 0.0984375
2 0.58359375 0.33359375 0.0640625 0.0921875
2 0.5296875 0.30625 0.08125 0.1046875
2 0.4484375 0.28125 0.06875 0.1078125
2 0.3671875 0.265625 0.0875 0.0984375
2 0.4234375 0.3359375 0.084375 0.1
2 0.37734375 0.35546875 0.0796875 0.1015625
2 0.27578125 0.35390625 0.0921875 0.1046875
2 0.20078125 0.31953125 0.084375 0.10625
2 0.228125 0.38984375 0.06875 0.1
2 0.13828125 0.34375 0.06875 0.1078125
2 0.06796875 0.3515625 0.0890625 0.109375
2 0.0328125 0.31875 0.065625 0.103125
2 0.0078125 0.30546875 0.015625 0.0984375
2 0.02421875 0.41953125 0.0484375 0.1046875
2 0.06796875 0.4390625 0.065625 0.0984375
2 0.11171875 0.44140625 0.0671875 0.10625
2 0.16328125 0.4546875 0.06875 0.096875
2 0.20390625 0.45546875 0.0703125 0.0890625
2 0.93046875 0.2234375 0.0578125 0.1046875
2 0.91171875 0.35546875 0.10625 0.140625
2 0.96328125 0.35546875 0.059375 0.125
2 0.82734375 0.41796875 0.075 0.115625
2 0.76171875 0.31328125 0.0703125 0.103125
2 0.77734375 0.4046875 0.08125 0.1125
2 0.72890625 0.35078125 0.071875 0.1109375
2 0.67890625 0.3578125 0.0734375 0.0921875
2 0.68359375 0.4171875 0.096875 0.1
2 0.653125 0.4484375 0.06875 0.0875
2 0.60546875 0.41171875 0.0734375 0.075
2 0.5359375 0.3875 0.0828125 0.084375
2 0.9546875 0.54140625 0.090625 0.1265625
2 0.84375 0.50546875 0.0984375 0.103125
2 0.79140625 0.5421875 0.0921875 0.1359375
2 0.7421875 0.53046875 0.0828125 0.109375
2 0.68359375 0.5234375 0.0734375 0.103125
2 0.6390625 0.51953125 0.0703125 0.10625
2 0.59765625 0.51640625 0.0578125 0.0890625
2 0.54375 0.4578125 0.0796875 0.0859375
2 0.5 0.48671875 0.06875 0.1109375
2 0.45859375 0.48125 0.065625 0.1125
2 0.41875 0.4765625 0.059375 0.096875
2 0.37109375 0.5 0.075 0.0859375
2 0.33984375 0.4765625 0.065625 0.0984375
2 0.296875 0.48359375 0.0671875 0.090625
2 0.3015625 0.55078125 0.0703125 0.0890625
2 0.2203125 0.5140625 0.090625 0.06875
2 0.19765625 0.58203125 0.0921875 0.1015625
2 0.15078125 0.59140625 0.0765625 0.09375
2 0.09296875 0.52265625 0.0875 0.0953125
2 0.04375 0.56015625 0.0734375 0.078125
2 0.01875 0.51328125 0.0375 0.0734375
2 0.92265625 0.72734375 0.090625 0.1375
2 0.8546875 0.67109375 0.103125 0.128125
2 0.878125 0.81875 0.0640625 0.109375
2 0.840625 0.81328125 0.0734375 0.1171875
2 0.7875 0.80703125 0.0734375 0.1078125
2 0.7171875 0.68984375 0.0640625 0.1046875
2 0.68671875 0.69140625 0.0578125 0.096875
2 0.58828125 0.60390625 0.0765625 0.1140625
2 0.6046875 0.7 0.0875 0.1015625
2 0.4765625 0.60703125 0.0890625 0.0984375
2 0.40703125 0.6015625 0.0859375 0.1171875
2 0.35234375 0.62578125 0.071875 0.1109375
2 0.3828125 0.6984375 0.0796875 0.096875
2 0.8953125 0.89296875 0.0671875 0.0671875
2 0.80859375 0.91640625 0.065625 0.0609375
2 0.7296875 0.915625 0.0828125 0.096875
2 0.65234375 0.95625 0.0890625 0.0578125
2 0.61953125 0.896875 0.0859375 0.1125
2 0.603125 0.7765625 0.0984375 0.090625
2 0.58203125 0.825 0.0515625 0.0703125
2 0.43046875 0.8 0.071875 0.109375
2 0.721875 0.7953125 0.071875 0.1109375
2 0.6796875 0.79296875 0.0859375 0.1140625
2 0.534375 0.71484375 0.071875 0.1125
2 0.5015625 0.7078125 0.0640625 0.1015625
2 0.46796875 0.70078125 0.0703125 0.09375
2 0.3578125 0.78046875 0.084375 0.1125
2 0.3609375 0.8734375 0.1125 0.121875
2 0.24375 0.68828125 0.0703125 0.1046875
2 0.18828125 0.66640625 0.0859375 0.0921875
2 0.125 0.6890625 0.0734375 0.096875
2 0.078125 0.61875 0.09375 0.096875
2 0.06640625 0.7046875 0.0796875 0.096875
2 0.22421875 0.77890625 0.08125 0.1078125
2 0.1890625 0.81171875 0.0921875 0.125
2 0.20703125 0.95234375 0.0890625 0.0953125
2 0.14765625 0.96875 0.0890625 0.0625
2 0.55078125 0.96015625 0.0984375 0.0796875
2 0.39296875 0.9890625 0.0578125 0.021875
2 0.34765625 0.99296875 0.0578125 0.0140625