2 0.02109375 0.03359375 0.04140625 0.0671875
2 0.13984375 0.17890625 0.05 0.09765625
2 0.2046875 0.02265625 0.05 0.0453125
2 0.2015625 0.1046875 0.03984375 0.075
2 0.24296875 0.12265625 0.04296875 0.08515625
2 0.2859375 0.1359375 0.03828125 0.0828125
2 0.19609375 0.25625 0.0515625 0.0921875
2 0.0578125 0.3609375 0.0546875 0.0921875
2 0.009375 0.1875 0.01796875 0.1
2 0.01171875 0.34375 0.0234375 0.09765625
2 0.01640625 0.54921875 0.0328125 0.0859375
2 0.06171875 0.54140625 0.06640625 0.0921875
2 0.0125 0.68125 0.025 0.0875
2 0.02421875 0.78359375 0.0484375 0.0671875
2 0.084375 0.70859375 0.05859375 0.0828125
2 0.1328125 0.7203125 0.0453125 0.08515625
2 0.21953125 0.72109375 0.0515625 0.0875
2 0.278125 0.71875 0.06328125 0.0828125
2 0.20234375 0.6203125 0.0515625 0.0796875
2 0.24453125 0.5875 0.0453125 0.075
2 0.290625 0.6015625 0.0453125 0.07734375
2 0.21015625 0.53515625 0.046875 0.0796875
2 0.16328125 0.5046875 0.046875 0.08984375
2 0.165625 0.42109375 0.078125 0.0625
2 0.23203125 0.40390625 0.053125 0.09765625
2 0.275 0.4203125 0.053125 0.08515625
2 0.32578125 0.4390625 0.0515625 0.0875
2 0.3375 0.52109375 0.0453125 0.07265625
2 0.3 0.5359375 0.06640625 0.0671875
2 0.3796875 0.5671875 0.05703125 0.05
2 0.384375 0.64140625 0.0453125 0.0875
2 0.42734375 0.67734375 0.0546875 0.075
2 0.37578125 0.7390625 0.0484375 0.07265625
2 0.50234375 0.7234375 0.0453125 0.0828125
2 0.53515625 0.6765625 0.046875 0.07734375
2 0.58046875 0.6671875 0.0515625 0.08515625
2 0.57890625 0.7546875 0.06796875 0.0703125
2 0.68671875 0.6890625 0.0734375 0.0578125
2 0.7390625 0.66875 0.0484375 0.0671875
2 0.74609375 0.7375 0.0546875 0.075
2 0.75546875 0.9125 0.05859375 0.0796875
2 0.815625 0.73125 0.0484375 0.0875
2 0.34296875 0.26875 0.06640625 0.0921875
2 0.35 0.1640625 0.03359375 0.0828125
2 0.38671875 0.17265625 0.046875 0.075
2 0.46015625 0.20625 0.06328125 0.07265625
2 0.44296875 0.28359375 0.05703125 0.0671875
2 0.36796875 0.0375 0.05703125 0.075
2 0.4703125 0.08359375 0.046875 0.0875
2 0.55078125 0.03359375 0.06796875 0.0578125
2 0.71484375 0.18359375 0.06640625 0.0671875
2 0.6328125 0.21875 0.0453125 0.0828125
2 0.70078125 0.27265625 0.0515625 0.0796875
2 0.659375 0.3328125 0.05859375 0.0703125
2 0.5140625 0.2796875 0.0453125 0.075
2 0.5390625 0.29765625 0.0453125 0.075
2 0.5734375 0.31640625 0.03984375 0.07265625
2 0.61328125 0.4171875 0.046875 0.0796875
2 0.5515625 0.39609375 0.046875 0.0828125
2 0.66796875 0.41015625 0.03671875 0.08515625
2 0.70390625 0.49375 0.0453125 0.07734375
2 0.69453125 0.55859375 0.03828125 0.07265625
2 0.64609375 0.5625 0.0484375 0.0796875
2 0.625 0.52734375 0.05703125 0.06484375
2 0.56953125 0.53359375 0.03828125 0.0875
2 0.53359375 0.5234375 0.03984375 0.0875
2 0.4984375 0.50859375 0.04296875 0.0828125
2 0.446875 0.52734375 0.06015625 0.075
2 0.40390625 0.4640625 0.0484375 0.07734375
2 0.3671875 0.4578125 0.0515625 0.0796875
2 0.4359375 0.38125 0.03828125 0.0875
2 0.88359375 0.7390625 0.06015625 0.0828125
2 0.92734375 0.7890625 0.05859375 0.07265625
2 0.97265625 0.81640625 0.0515625 0.0671875
2 0.9859375 0.95859375 0.025 0.07734375
2 0.9234375 0.97109375 0.04296875 0.05234375
2 0.94921875 0.95859375 0.0984375 0.07734375
2 0.9546875 0.68984375 0.05 0.08515625
2 0.89921875 0.65859375 0.0484375 0.0828125
2 0.859375 0.64140625 0.0453125 0.07734375
2 0.8140625 0.6234375 0.0453125 0.0828125
2 0.778125 0.60859375 0.03671875 0.07265625
2 0.77109375 0.54609375 0.075 0.0421875
2 0.815625 0.49140625 0.06484375 0.07265625
2 0.86171875 0.4859375 0.06015625 0.07265625
2 0.90078125 0.5640625 0.06484375 0.07265625
2 0.95703125 0.54375 0.06328125 0.0671875
2 0.98046875 0.5921875 0.03515625 0.06015625
2 0.934375 0.4734375 0.071875 0.0671875
2 0.909375 0.40625 0.04140625 0.0828125
2 0.84140625 0.4125 0.06640625 0.0703125
2 0.79296875 0.3703125 0.04296875 0.0796875
2 0.8328125 0.29375 0.04140625 0.0828125
2 0.87109375 0.2671875 0.0515625 0.075
2 0.9703125 0.40234375 0.05703125 0.0703125
2 0.88828125 0.11875 0.06640625 0.07734375
2 0.95 0.1015625 0.053125 0.07734375
2 0.846875 0.0296875 0.053125 0.059375
2 0.73984375 0.025 0.08984375 0.05
0 0.0859375 0.1515625 0.00859375 0.0171875
0 0.05546875 0.04609375 0.00859375 0.0125
0 0.07109375 0.0640625 0.00859375 0.0125
0 0.09140625 0.0828125 0.0265625 0.0203125
0 0.0421875 0.2640625 0.01171875 0.0125
0 0.0984375 0.19140625 0.01015625 0.0171875
0 0.16171875 0.25859375 0.01015625 0.0125
0 0.17890625 0.18125 0.01171875 0.0078125
0 0.13515625 0.0796875 0.01015625 0.01484375
0 0.28515625 0.21015625 0.01015625 0.01015625
0 0.1359375 0.3515625 0.01484375 0.0171875
0 0.090625 0.3921875 0.00859375 0.01484375
0 0.04453125 0.475 0.01171875 0.01015625
0 0.01171875 0.43984375 0.01640625 0.01015625
0 0.0765625 0.49765625 0.00703125 0.01484375
0 0.10390625 0.6265625 0.01171875 0.0078125
0 0.15234375 0.64609375 0.025 0.0171875
0 0.32578125 0.6609375 0.01171875 0.0078125
0 0.34765625 0.64765625 0.01171875 0.01484375
0 0.3359375 0.61640625 0.01171875 0.0078125
0 0.24765625 0.5296875 0.01796875 0.0296875
0 0.2125 0.47265625 0.00859375 0.01484375
0 0.20234375 0.3875 0.01171875 0.01484375
0 0.10703125 0.3859375 0.03984375 0.02734375
0 0.24609375 0.25390625 0.01796875 0.0171875
0 0.35390625 0.35390625 0.01484375 0.0125
0 0.32890625 0.3671875 0.00859375 0.01015625
0 0.33359375 0.3828125 0.01328125 0.01015625
0 0.3796875 0.4 0.01328125 0.01015625
0 0.39296875 0.3765625 0.01015625 0.0125
0 0.37890625 0.26640625 0.01171875 0.0328125
0 0.3796875 0.2921875 0.003125 0.01015625
0 0.41171875 0.3015625 0.05703125 0.0328125
0 0.41484375 0.14609375 0.01328125 0.0125
0 0.51640625 0.18359375 0.03359375 0.02734375
0 0.4828125 0.27265625 0.028125 0.025
0 0.4640625 0.3515625 0.01171875 0.0078125
0 0.465625 0.34140625 0.00859375 0.00234375
0 0.4859375 0.35390625 0.01171875 0.0078125
0 0.48515625 0.36484375 0.01015625 0.0046875
0 0.49453125 0.3765625 0.00859375 0.0078125
0 0.49921875 0.3921875 0.01171875 0.01015625
0 0.46640625 0.4375 0.01015625 0.01015625
0 0.49609375 0.43125 0.01171875 0.0078125
0 0.22578125 0.27265625 0.00859375 0.01484375
0 0.2828125 0.24609375 0.00859375 0.0078125
0 0.57734375 0.16875 0.01171875 0.0078125
0 0.5796875 0.2015625 0.0234375 0.02265625
0 0.46171875 0.3859375 0.01015625 0.02265625
0 0.48046875 0.6390625 0.00859375 0.0125
0 0.47109375 0.63359375 0.00859375 0.0125
0 0.46484375 0.5953125 0.01015625 0.0046875
0 0.590625 0.5890625 0.00859375 0.0125
0 0.52109375 0.57890625 0.00859375 0.0125
0 0.62578125 0.6828125 0.00859375 0.01015625
0 0.6515625 0.65390625 0.01015625 0.0125
0 0.6109375 0.3 0.028125 0.0453125
0 0.553125 0.6 0.01328125 0.01015625
0 0.5515625 0.58125 0.01328125 0.0171875
0 0.5421875 0.6328125 0.01171875 0.01015625
0 0.5515625 0.64140625 0.01015625 0.0078125
2 0.4359375 0.60625 0.05859375 0.0625
2 0.48984375 0.15625 0.03671875 0.0625
0 0.728125 0.41875 0.01328125 0.0125
0 0.7515625 0.41640625 0.01328125 0.0171875
0 0.75703125 0.475 0.0734375 0.075
0 0.628125 0.1125 0.0234375 0.0203125
0 0.77109375 0.20390625 0.01171875 0.0078125
0 0.75703125 0.2828125 0.01640625 0.01484375
2 0.98515625 0.75078125 0.0296875 0.07890625
2 0.29765625 0.0203125 0.04921875 0.0390625
2 0.9890625 0.2953125 0.021875 0.0703125
2 0.44765625 0.01953125 0.07734375 0.03828125
2 0.90859375 0.0140625 0.03359375 0.028125
2 0.73984375 0.921875 0.0234375 0.0671875
2 0.9953125 0.13203125 0.009375 0.0671875
2 0.7328125 0.02734375 0.01953125 0.05234375
0 0.95 0.0421875 0.0890625 0.0765625
0 0.040625 0.215625 0.0203125 0.021875
0 0.33984375 0.83984375 0.0328125 0.02109375
0 0.5828125 0.95859375 0.021875 0.02109375
2 0.0171875 0.63984375 0.034375 0.0390625
2 0.03671875 0.82421875 0.06875 0.046875