2 0.27109375 0.0734375 0.0890625 0.1203125
2 0.1140625 0.01796875 0.053125 0.0359375
2 0.07421875 0.02421875 0.0484375 0.0484375
2 0.04453125 0.03359375 0.0296875 0.0671875
2 0.98046875 0.246875 0.0390625 0.1
2 0.93125 0.3171875 0.0734375 0.109375
2 0.88515625 0.30546875 0.065625 0.1
2 0.796875 0.29296875 0.0703125 0.1109375
2 0.7328125 0.2984375 0.0828125 0.10625
2 0.64375 0.2671875 0.0625 0.090625
2 0.628125 0.365625 0.053125 0.0875
2 0.58515625 0.3234375 0.06875 0.0984375
2 0.51484375 0.27578125 0.053125 0.103125
2 0.44140625 0.23671875 0.0765625 0.0890625
2 0.475 0.3203125 0.071875 0.0921875
2 0.425 0.32578125 0.0671875 0.0953125
2 0.328125 0.29453125 0.0796875 0.0953125
2 0.26640625 0.23984375 0.071875 0.0984375
2 0.27265625 0.31484375 0.05625 0.09375
2 0.2 0.24453125 0.053125 0.103125
2 0.13046875 0.23203125 0.075 0.1015625
2 0.09609375 0.18671875 0.075 0.0953125
2 0.05625 0.16171875 0.065625 0.0921875
2 0.03125 0.21171875 0.028125 0.0640625
2 0.0546875 0.28125 0.0625 0.096875
2 0.1046875 0.315625 0.053125 0.09375
2 0.14609375 0.33046875 0.053125 0.1015625
2 0.19140625 0.3578125 0.05625 0.090625
2 0.23046875 0.37109375 0.0578125 0.0828125
2 0.9859375 0.3609375 0.028125 0.1
2 0.9359375 0.48203125 0.0890625 0.13125
2 0.98203125 0.496875 0.0359375 0.121875
2 0.8375 0.5171875 0.0609375 0.109375
2 0.8046875 0.39765625 0.05625 0.096875
2 0.79296875 0.48984375 0.065625 0.1046875
2 0.7625 0.42421875 0.05625 0.1046875
2 0.7125 0.41640625 0.0625 0.084375
2 0.7 0.475 0.0859375 0.0890625
2 0.66171875 0.4953125 0.0578125 0.08125
2 0.6265625 0.44609375 0.065625 0.0671875
2 0.5671875 0.403125 0.0734375 0.075
2 0.9265625 0.675 0.0828125 0.1171875
2 0.82734375 0.60625 0.0875 0.0921875
2 0.76640625 0.625 0.0734375 0.1296875
2 0.72265625 0.6 0.06875 0.103125
2 0.66875 0.57578125 0.059375 0.096875
2 0.62734375 0.559375 0.05625 0.1
2 0.58828125 0.54453125 0.046875 0.084375
2 0.5546875 0.47265625 0.0703125 0.078125
2 0.50390625 0.48671875 0.0546875 0.10625
2 0.46640625 0.4703125 0.0515625 0.1078125
2 0.42890625 0.45390625 0.046875 0.09375
2 0.3765625 0.4625 0.0640625 0.0796875
2 0.35390625 0.43125 0.053125 0.09375
2 0.31015625 0.425 0.05625 0.084375
2 0.2953125 0.490625 0.0578125 0.0828125
2 0.228125 0.43203125 0.084375 0.0578125
2 0.18671875 0.48984375 0.08125 0.0921875
2 0.1390625 0.48515625 0.065625 0.0875
2 0.10390625 0.40234375 0.0765625 0.0859375
2 0.04609375 0.42421875 0.065625 0.0703125
2 0.028125 0.36953125 0.0453125 0.06875
2 0.83828125 0.840625 0.0734375 0.13125
2 0.7890625 0.7671875 0.0875 0.1171875
2 0.76875 0.91484375 0.05 0.10625
2 0.734375 0.89921875 0.0578125 0.1125
2 0.68515625 0.878125 0.059375 0.1015625
2 0.65234375 0.74453125 0.05 0.1
2 0.62265625 0.73828125 0.0453125 0.09375
2 0.55390625 0.625 0.0625 0.1078125
2 0.54140625 0.721875 0.0765625 0.0921875
2 0.44609375 0.59609375 0.078125 0.0890625
2 0.38125 0.5703125 0.071875 0.1109375
2 0.32265625 0.5765625 0.05625 0.1046875
2 0.33046875 0.65546875 0.06875 0.0890625
2 0.9640625 0.8484375 0.03125 0.1203125
2 0.94140625 0.97734375 0.0546875 0.0453125
2 0.7625 0.98046875 0.059375 0.0390625
2 0.6734375 0.98046875 0.059375 0.0390625
2 0.5984375 0.96015625 0.071875 0.0796875
2 0.5125 0.97890625 0.084375 0.0421875
2 0.4984375 0.9140625 0.071875 0.1046875
2 0.51796875 0.7953125 0.0890625 0.0796875
2 0.48359375 0.83515625 0.04375 0.065625
2 0.34609375 0.76640625 0.05625 0.103125
2 0.62578125 0.846875 0.05625 0.1046875
2 0.58671875 0.8328125 0.0703125 0.10625
2 0.4703125 0.715625 0.0578125 0.1078125
2 0.440625 0.69921875 0.05 0.096875
2 0.41015625 0.6828125 0.059375 0.0875
2 0.28203125 0.7265625 0.0703125 0.1046875
2 0.2578125 0.81640625 0.0984375 0.1109375
2 0.2 0.60546875 0.05625 0.0984375
2 0.153125 0.56796875 0.075 0.0828125
2 0.0859375 0.57109375 0.0609375 0.090625
2 0.06171875 0.490625 0.084375 0.0859375
2 0.0296875 0.56796875 0.059375 0.0890625
2 0.1546875 0.68671875 0.0671875 0.1015625
2 0.1109375 0.70703125 0.0765625 0.1171875
2 0.08671875 0.853125 0.075 0.1
2 0.028125 0.865625 0.05625 0.1
2 0.41328125 0.96015625 0.0890625 0.0765625
2 0.24921875 0.95703125 0.05 0.05625
2 0.203125 0.9515625 0.05 0.059375
2 0.12109375 0.9375 0.0671875 0.0796875