2 0.903125 0.76484375 0.10625 0.0734375
2 0.95859375 0.6859375 0.0828125 0.059375
2 0.93125 0.65078125 0.0921875 0.0640625
2 0.90703125 0.6125 0.090625 0.059375
2 0.8140625 0.73046875 0.103125 0.0734375
2 0.7484375 0.89140625 0.103125 0.0765625
2 0.92890625 0.89296875 0.1015625 0.04375
2 0.77734375 0.93125 0.1 0.0484375
2 0.57734375 0.97578125 0.0921875 0.0484375
2 0.5734375 0.934375 0.10625 0.0875
2 0.40625 0.95546875 0.0953125 0.078125
2 0.38203125 0.91171875 0.09375 0.065625
2 0.359375 0.828125 0.0984375 0.071875
2 0.34609375 0.77109375 0.096875 0.08125
2 0.4609375 0.81875 0.090625 0.0703125
2 0.48125 0.76953125 0.084375 0.0625
2 0.45625 0.72890625 0.0875 0.0640625
2 0.54140625 0.7890625 0.0890625 0.065625
2 0.5828125 0.8265625 0.1 0.06875
2 0.6625 0.80234375 0.08125 0.0921875
2 0.6625 0.73359375 0.1078125 0.0765625
2 0.63515625 0.696875 0.0953125 0.0734375
2 0.60390625 0.65234375 0.0984375 0.071875
2 0.521875 0.6625 0.08125 0.0625
2 0.5171875 0.70234375 0.08125 0.08125
2 0.46640625 0.63359375 0.0625 0.0671875
2 0.39296875 0.6484375 0.096875 0.0671875
2 0.34765625 0.61640625 0.0859375 0.071875
2 0.3015625 0.68203125 0.08125 0.065625
2 0.28359375 0.55546875 0.0921875 0.065625
2 0.3203125 0.51171875 0.0875 0.065625
2 0.31796875 0.465625 0.0953125 0.071875
2 0.23359375 0.48984375 0.0859375 0.084375
2 0.26875 0.36875 0.075 0.0859375
2 0.275 0.3125 0.078125 0.0640625
2 0.20703125 0.3234375 0.0859375 0.071875
2 0.040625 0.359375 0.08125 0.078125
2 0.1953125 0.2546875 0.096875 0.06875
2 0.7640625 0.5921875 0.10625 0.0875
2 0.86328125 0.5578125 0.0890625 0.0546875
2 0.8453125 0.525 0.084375 0.0640625
2 0.79375 0.4625 0.0859375 0.0796875
2 0.7234375 0.49921875 0.0796875 0.071875
2 0.96875 0.50703125 0.0625 0.0734375
2 0.91015625 0.42109375 0.096875 0.0671875
2 0.9375 0.33046875 0.0734375 0.08125
2 0.75 0.2109375 0.08125 0.08125
2 0.7375 0.29921875 0.0921875 0.065625
2 0.66796875 0.246875 0.090625 0.0703125
2 0.6203125 0.303125 0.0828125 0.075
2 0.709375 0.4296875 0.084375 0.0625
2 0.68515625 0.41015625 0.084375 0.0625
2 0.65859375 0.38125 0.0796875 0.0578125
2 0.55078125 0.36953125 0.0890625 0.065625
2 0.58671875 0.4234375 0.0921875 0.0671875
2 0.54296875 0.31484375 0.090625 0.0578125
2 0.453125 0.3015625 0.0875 0.0640625
2 0.39296875 0.32734375 0.0796875 0.0546875
2 0.4015625 0.375 0.0890625 0.0671875
2 0.44140625 0.38671875 0.078125 0.071875
2 0.44921875 0.44140625 0.09375 0.059375
2 0.46875 0.4734375 0.0953125 0.0625
2 0.4921875 0.50390625 0.090625 0.0640625
2 0.4875 0.55859375 0.0875 0.0765625
2 0.559375 0.58359375 0.0875 0.0671875
2 0.575 0.6171875 0.090625 0.0703125
2 0.63125 0.53125 0.09375 0.059375
2 0.16953125 0.19140625 0.0953125 0.078125
2 0.11015625 0.16171875 0.084375 0.0765625
2 0.071875 0.125 0.078125 0.0671875
2 0.19921875 0.11015625 0.09375 0.0703125
2 0.24375 0.15546875 0.0921875 0.06875
2 0.2703125 0.18984375 0.0875 0.0640625
2 0.29921875 0.22890625 0.0921875 0.065625
2 0.3234375 0.259375 0.0796875 0.0546875
2 0.38515625 0.25 0.0609375 0.0828125
2 0.4265625 0.19296875 0.0859375 0.08125
2 0.4203125 0.146875 0.084375 0.0765625
2 0.334375 0.1296875 0.0859375 0.08125
2 0.3390625 0.06953125 0.08125 0.078125
2 0.28671875 0.059375 0.065625 0.0484375
2 0.41328125 0.0734375 0.0828125 0.0875
2 0.484375 0.08046875 0.090625 0.0609375
2 0.49609375 0.14765625 0.084375 0.08125
2 0.54921875 0.18359375 0.0890625 0.0625
2 0.61328125 0.125 0.090625 0.0609375
2 0.62890625 0.08125 0.0859375 0.06875
2 0.47265625 0.028125 0.0828125 0.05625
2 0.76796875 0.034375 0.0921875 0.06875
2 0.86484375 0.04296875 0.071875 0.0671875
2 0.896875 0.1453125 0.071875 0.1
0 0.94375 0.81015625 0.01875 0.0140625
0 0.84609375 0.88125 0.015625 0.015625
0 0.90234375 0.8078125 0.01875 0.0140625
0 0.82109375 0.7640625 0.0140625 0.0125
0 0.890625 0.72734375 0.0109375 0.0140625
0 0.99609375 0.74375 0.0078125 0.0125
0 0.8359375 0.6328125 0.0109375 0.0109375
0 0.7375 0.81328125 0.0203125 0.0203125
0 0.71015625 0.8671875 0.0171875 0.0125
0 0.6421875 0.93359375 0.0125 0.0140625
0 0.684375 0.95625 0.0125 0.0171875
0 0.61171875 0.90859375 0.0171875 0.009375
0 0.48046875 0.915625 0.0109375 0.0125
0 0.44921875 0.8734375 0.0234375 0.028125
0 0.38984375 0.71015625 0.0109375 0.0140625
0 0.396875 0.68515625 0.01875 0.015625
0 0.4296875 0.68828125 0.0109375 0.0140625
0 0.53671875 0.7515625 0.0328125 0.0265625
0 0.60078125 0.7703125 0.0171875 0.0125
0 0.6859375 0.75859375 0.01875 0.015625
0 0.71171875 0.85 0.0375 0.046875
0 0.803125 0.68125 0.021875 0.021875
0 0.67890625 0.603125 0.015625 0.01875
0 0.67265625 0.63125 0.0109375 0.0109375
0 0.65625 0.63046875 0.0125 0.0140625
0 0.62734375 0.590625 0.0125 0.0140625
0 0.646875 0.57109375 0.0140625 0.0125
0 0.75703125 0.55625 0.034375 0.0203125
0 0.73203125 0.5625 0.009375 0.0046875
0 0.71484375 0.53359375 0.046875 0.0625
0 0.8640625 0.490625 0.015625 0.015625
0 0.8015625 0.40234375 0.0359375 0.040625
0 0.72421875 0.4578125 0.03125 0.034375
0 0.65234375 0.49609375 0.0109375 0.0140625
0 0.66171875 0.4921875 0.0046875 0.009375
0 0.64453125 0.47578125 0.0109375 0.0140625
0 0.634375 0.4796875 0.00625 0.0109375
0 0.6203125 0.4734375 0.009375 0.0109375
0 0.6046875 0.47265625 0.0125 0.0140625
0 0.56875 0.51640625 0.0109375 0.0109375
0 0.5671875 0.4859375 0.0109375 0.0140625
0 0.790625 0.70625 0.0171875 0.0125
0 0.8015625 0.64375 0.009375 0.0109375
0 0.8 0.33984375 0.0109375 0.0140625
0 0.76796875 0.34609375 0.0265625 0.028125
0 0.6203125 0.5078125 0.0234375 0.0140625
0 0.37109375 0.5546875 0.0140625 0.0125
0 0.378125 0.5625 0.0140625 0.0125
0 0.4171875 0.55859375 0.00625 0.0109375
0 0.390625 0.43515625 0.0140625 0.0125
0 0.41796875 0.5 0.0140625 0.0125
0 0.290625 0.42578125 0.0109375 0.0109375
0 0.3125 0.39375 0.0140625 0.0125
0 0.66484375 0.34140625 0.0515625 0.0390625
0 0.38984375 0.47421875 0.0125 0.0140625
0 0.4078125 0.47109375 0.0203125 0.0171875
0 0.3609375 0.49375 0.0125 0.0140625
0 0.35 0.48671875 0.009375 0.0109375
2 0.4140625 0.5890625 0.075 0.0734375
2 0.834375 0.42109375 0.0703125 0.053125
0 0.51953125 0.25859375 0.015625 0.015625
0 0.515625 0.23515625 0.0203125 0.0171875
0 0.4578125 0.2453125 0.0921875 0.090625
0 0.84140625 0.27578125 0.025 0.028125
0 0.715625 0.16171875 0.0109375 0.0140625
0 0.64296875 0.1953125 0.01875 0.01875
2 0.13203125 0.09609375 0.0828125 0.0484375
2 0.97421875 0.42578125 0.0515625 0.0859375
2 0.0328125 0.3765625 0.065625 0.040625
2 0.89609375 0.153125 0.05625 0.03125
0 0.89375 0.8703125 0.0265625 0.025
0 0.21328125 0.74296875 0.0296875 0.0375
0 0.0359375 0.5390625 0.0265625 0.0265625
2 0.4890625 0.98984375 0.046875 0.0203125