2 0.7578125 0.909375 0.08046875 0.11640625
2 0.91953125 0.96875 0.0484375 0.0625
2 0.95859375 0.9609375 0.04296875 0.07734375
2 0.98828125 0.95 0.0234375 0.1
2 0.02734375 0.7859375 0.0546875 0.09765625
2 0.0828125 0.7125 0.065625 0.1046875
2 0.1296875 0.72109375 0.05859375 0.0953125
2 0.21796875 0.72734375 0.06171875 0.10703125
2 0.28203125 0.7171875 0.0765625 0.1015625
2 0.37265625 0.7421875 0.05625 0.08671875
2 0.38125 0.64296875 0.04765625 0.08515625
2 0.42734375 0.68203125 0.0625 0.09375
2 0.50078125 0.725 0.04765625 0.1
2 0.5765625 0.75859375 0.0703125 0.08515625
2 0.5375 0.67734375 0.065625 0.08671875
2 0.58671875 0.66875 0.06015625 0.09140625
2 0.6859375 0.69296875 0.07265625 0.09140625
2 0.75078125 0.74296875 0.065625 0.09375
2 0.73984375 0.66875 0.04921875 0.09140625
2 0.8171875 0.73359375 0.04765625 0.1
2 0.8875 0.74140625 0.06796875 0.096875
2 0.925 0.784375 0.06796875 0.08984375
2 0.96640625 0.80625 0.05859375 0.08671875
2 0.9875 0.7546875 0.02265625 0.06171875
2 0.959375 0.6875 0.05625 0.09296875
2 0.90703125 0.65625 0.04609375 0.08984375
2 0.86484375 0.64453125 0.046875 0.0984375
2 0.81796875 0.6203125 0.05 0.08828125
2 0.778125 0.61015625 0.05234375 0.0796875
2 0.01796875 0.67265625 0.0359375 0.0984375
2 0.06640625 0.5484375 0.0796875 0.1265625
2 0.01640625 0.53671875 0.0328125 0.1203125
2 0.1625 0.50625 0.05390625 0.10625
2 0.203125 0.6234375 0.05078125 0.09375
2 0.20859375 0.53046875 0.05859375 0.1015625
2 0.24375 0.59375 0.05078125 0.1015625
2 0.29375 0.5984375 0.05703125 0.08203125
2 0.30234375 0.5390625 0.0796875 0.08359375
2 0.3390625 0.515625 0.05390625 0.078125
2 0.37734375 0.5625 0.0609375 0.06328125
2 0.43984375 0.6015625 0.06875 0.0703125
2 0.0625 0.35546875 0.07578125 0.11328125
2 0.16640625 0.4171875 0.08125 0.08671875
2 0.22578125 0.39375 0.065625 0.125
2 0.27109375 0.415625 0.06171875 0.0984375
2 0.3265625 0.4359375 0.053125 0.09296875
2 0.36875 0.45 0.05 0.096875
2 0.40859375 0.46171875 0.03984375 0.08203125
2 0.44765625 0.53125 0.065625 0.0734375
2 0.496875 0.51328125 0.046875 0.103125
2 0.5359375 0.52734375 0.04375 0.1046875
2 0.57421875 0.54140625 0.03984375 0.09140625
2 0.62578125 0.52890625 0.05859375 0.075
2 0.65078125 0.55859375 0.04609375 0.09140625
2 0.69453125 0.56171875 0.05 0.08203125
2 0.7046875 0.4953125 0.053125 0.0796875
2 0.77578125 0.54921875 0.08046875 0.0515625
2 0.81328125 0.48828125 0.07578125 0.08828125
2 0.8609375 0.48984375 0.06015625 0.08203125
2 0.9015625 0.56953125 0.06953125 0.08125
2 0.9578125 0.54375 0.0609375 0.06640625
2 0.9796875 0.596875 0.03984375 0.06484375
2 0.1390625 0.18359375 0.0640625 0.1265625
2 0.19296875 0.25390625 0.0796875 0.11328125
2 0.203125 0.1046875 0.0421875 0.103125
2 0.23828125 0.11796875 0.04921875 0.10859375
2 0.2890625 0.1359375 0.05234375 0.0984375
2 0.33125 0.26640625 0.04375 0.096875
2 0.3609375 0.27109375 0.0390625 0.08984375
2 0.4375 0.37890625 0.0546875 0.1046875
2 0.44296875 0.28125 0.0703125 0.08828125
2 0.546875 0.40078125 0.07265625 0.08359375
2 0.61328125 0.421875 0.0640625 0.10625
2 0.671875 0.4109375 0.04921875 0.1015625
2 0.65859375 0.3328125 0.0625 0.08359375
2 0.0125 0.18515625 0.0234375 0.11796875
2 0.025 0.0375 0.05 0.075
2 0.203125 0.028125 0.05625 0.05625
2 0.29296875 0.025 0.05703125 0.05
2 0.36953125 0.04296875 0.06640625 0.08515625
2 0.45390625 0.02109375 0.08203125 0.03984375
2 0.47265625 0.08671875 0.06640625 0.1
2 0.46171875 0.20703125 0.084375 0.0734375
2 0.49296875 0.16484375 0.03828125 0.06171875
2 0.63515625 0.2234375 0.05078125 0.1
2 0.35 0.1625 0.04921875 0.1015625
2 0.390625 0.17421875 0.0640625 0.1015625
2 0.51484375 0.2828125 0.05078125 0.1046875
2 0.5453125 0.296875 0.04296875 0.09375
2 0.5765625 0.31171875 0.053125 0.08515625
2 0.7015625 0.25859375 0.0640625 0.1
2 0.71953125 0.1671875 0.08984375 0.1046875
2 0.7921875 0.37421875 0.05078125 0.0953125
2 0.84140625 0.4078125 0.06953125 0.078125
2 0.9078125 0.4 0.0546875 0.08828125
2 0.9375 0.47890625 0.078125 0.08125
2 0.96875 0.3984375 0.06171875 0.08515625
2 0.83125 0.28984375 0.0609375 0.096875
2 0.8734375 0.26640625 0.06875 0.11171875
2 0.8875 0.11875 0.06953125 0.0953125
2 0.95390625 0.10078125 0.06875 0.0953125
2 0.5546875 0.03515625 0.08359375 0.0703125
2 0.71796875 0.0265625 0.04609375 0.053125
2 0.76484375 0.02890625 0.046875 0.05703125
2 0.84765625 0.0375 0.06171875 0.075