2 0.2109375 0.13984375 0.05625 0.12265625
2 0.259375 0.15546875 0.03828125 0.10546875
2 0.33359375 0.1546875 0.0890625 0.11171875
2 0.3703125 0.06796875 0.084375 0.1015625
2 0.48515625 0.16953125 0.0953125 0.0828125
2 0.55 0.05703125 0.05078125 0.10859375
2 0.6046875 0.09453125 0.059375 0.084375
2 0.871875 0.1125 0.053125 0.115625
2 0.9234375 0.13984375 0.04765625 0.1296875
2 0.90234375 0.05 0.05234375 0.1
2 0.09921875 0.42421875 0.0953125 0.0984375
2 0.09375 0.5140625 0.10859375 0.08046875
2 0.2640625 0.3578125 0.0671875 0.1328125
2 0.3609375 0.33828125 0.0640625 0.13515625
2 0.465625 0.32578125 0.0546875 0.13515625
2 0.2734375 0.46953125 0.109375 0.084375
2 0.0921875 0.715625 0.10859375 0.08046875
2 0.2390625 0.71171875 0.07578125 0.12109375
2 0.21328125 0.809375 0.109375 0.08046875
2 0.30703125 0.93671875 0.071875 0.11953125
2 0.4046875 0.58125 0.04921875 0.13671875
2 0.4859375 0.48671875 0.08984375 0.07734375
2 0.5359375 0.55625 0.05078125 0.12578125
2 0.646875 0.3625 0.09921875 0.07578125
2 0.72265625 0.33125 0.0828125 0.08203125
2 0.7859375 0.29765625 0.07890625 0.1015625
2 0.84140625 0.2828125 0.07890625 0.1171875
2 0.75625 0.42734375 0.09375 0.07890625
2 0.8203125 0.4421875 0.05625 0.11953125
2 0.73828125 0.5546875 0.08125 0.13359375
2 0.83125 0.57578125 0.0921875 0.10859375
2 0.69609375 0.69765625 0.084375 0.11015625
2 0.74609375 0.6703125 0.07578125 0.11171875
2 0.72109375 0.91875 0.09765625 0.07578125
2 0.92578125 0.90625 0.1078125 0.07890625