2 0.3079968328125 0.1286873140625 0.3153208203125 0.0969636375 0.3198594703125 0.093237959375 0.332414878125 0.038854515625 0.3310150796875 0.028984329687499998 0.3240303484375 0.027371778125000003 0.31041439843749996 0.0385488109375 0.293659596875 0.06332170468750001 0.2845822984375 0.070773059375 0.27585851250000004 0.092626553125 0.2713198625 0.0963522296875 0.26922729375 0.1054161390625 0.273073175 0.1206245515625 0.2811041890625 0.11770515 0.288088921875 0.11931770312500001 0.2929810859375 0.1299941625 0.3034581828125 0.132412990625 0.3079968328125 0.1286873140625
2 0.3467663703125 0.1519584890625 0.35722921093750004 0.1066389515625 0.350230221875 0.0572880328125 0.34324548906249996 0.055675479687499994 0.332075621875 0.07219074375 0.3278904859375 0.090318559375 0.3233518359375 0.0940442359375 0.316027846875 0.1257679125 0.3114891984375 0.1294935890625 0.30939663125 0.1385574984375 0.31428879374999996 0.14923395781249998 0.3212735265625 0.150846509375 0.3258121765625 0.1471208328125 0.3317506234375 0.1532653375 0.34222772031250004 0.1556841671875 0.3467663703125 0.1519584890625
2 0.07091224375 0.2314777703125 0.07545089375 0.22775209218749998 0.08068231406250001 0.2050923234375 0.07823623125 0.19975409375 0.0813750828125 0.1861582328125 0.0789290015625 0.1808200015625 0.084160421875 0.1581602328125 0.07926825781249999 0.14748377343750002 0.0687911609375 0.1450649453125 0.0457729125 0.244767928125 0.0506650765625 0.2554443890625 0.057649807812499995 0.2570569421875 0.0677733921875 0.24507363125 0.07091224375 0.2314777703125
2 0.1610352421875 0.319113409375 0.1620815265625 0.3145814546875 0.15125091562499998 0.29776048906249997 0.137281453125 0.294535384375 0.1282041515625 0.30198674062499997 0.12157293437500001 0.314776325 0.0922484671875 0.3461942984375 0.0901559 0.3552582046875 0.1030790796875 0.3630152640625 0.10761772812499999 0.3592895859375 0.143587671875 0.3628203953125 0.1606959875 0.3524496375 0.1627885546875 0.3433857296875 0.1673272046875 0.33966005312499997 0.16592740625 0.32978986875 0.1610352421875 0.319113409375
2 0.1341853734375 0.45134634374999993 0.13941679375 0.42868657499999996 0.14395544375 0.42496089843749996 0.1470942953125 0.4113650375 0.14464821249999998 0.40602680781249995 0.131725034375 0.3982697484375 0.1292789515625 0.39293151875 0.09435529375 0.38486875625 0.0919092125 0.3795305265625 0.0873705609375 0.3832562046875 0.0699087328125 0.3792248234375 0.058738865625000004 0.3957400859375 0.0695694765625 0.41256105156249995 0.0765542078125 0.41417360312499996 0.081446371875 0.424850065625 0.1052001625 0.44942808906250004 0.11218489375 0.45104064218750006 0.11463097656250001 0.456378871875 0.1191696265625 0.4526531953125 0.1296467234375 0.45507202343750003 0.1341853734375 0.45134634374999993
2 0.0780110375 0.6149972531250001 0.0870883375 0.6075459000000001 0.0905807015625 0.608352175 0.0951193515625 0.6046264984375 0.0937195546875 0.5947563125 0.076257725 0.5907249328125 0.041334067187500004 0.5826621703125 0.0367954171875 0.58638785 0.026318320312499997 0.5839690203125001 0.018287303125 0.586888421875 0.009210004687499999 0.5943397765625 0.006424667187499999 0.622337775 0.0113168296875 0.6330142359375001 0.028778659374999998 0.6370456171875001 0.0458869734375 0.626674859375 0.05741035625 0.6245617343750001 0.0710263046875 0.6133847015625 0.0780110375 0.6149972531250001
2 0.22538317187499998 0.6299267625 0.2225835765625 0.6101863953125 0.21769141250000001 0.599509934375 0.1932448515625 0.5938660015624999 0.18521383593750002 0.5967854046875 0.17509025312499998 0.6087687125000001 0.17230491406249998 0.6367667109374999 0.17859687500000002 0.6573133546875 0.1775505921875 0.6618453078125001 0.18488883750000001 0.6778599984375 0.1852423515625 0.6922621359375001 0.190134515625 0.7029385968749999 0.2006116125 0.705357425 0.21038168124999998 0.678971978125 0.21492033125 0.6752463 0.22538317187499998 0.6299267625
2 0.194333909375 0.7325491484375 0.19538019375 0.72801719375 0.18454958125 0.7111962265625 0.1670877515625 0.707164846875 0.16464167031250002 0.7018266171875001 0.13670274375 0.6953764078125 0.1342566609375 0.690038178125 0.1307642953125 0.6892319015624999 0.117148346875 0.7004089328124999 0.11296321093749999 0.7185367484375 0.12030145625 0.7345514390625 0.13427092031250001 0.73777654375 0.1367170015625 0.7431147734375 0.1412556515625 0.739389096875 0.1437017328125 0.7447273265625001 0.15068646562500002 0.7463398781249999 0.1552251140625 0.7426142015625 0.1936411375 0.7514832390625 0.19922607187500002 0.74322560625 0.194333909375 0.7325491484375
2 0.215345134375 0.9283402703125001 0.2177912171875 0.9336785000000001 0.22791480000000003 0.9216951921875 0.23419250468750002 0.89450346875 0.231746421875 0.8891652390625 0.23383899062500002 0.88010133125 0.23139290781250002 0.8747631015625 0.2334854765625 0.86569919375 0.23068587968749998 0.845958825 0.22090155312499998 0.8246059062500001 0.2139168203125 0.822993353125 0.204839521875 0.8304447093749999 0.1978547890625 0.8288321562500001 0.1933161390625 0.832557834375 0.1870384359375 0.85974955625 0.1933303984375 0.8802962015625001 0.19228411406249998 0.8848281546875001 0.199622359375 0.9008428437499999 0.19857607500000002 0.9053747984375 0.2045145234375 0.9115193046875 0.20940668593749998 0.9221957640625 0.208360403125 0.9267277171874999 0.215345134375 0.9283402703125001
2 0.6312616656250001 0.943212540625 0.6288155843750001 0.9378743109375 0.6183384859375 0.93545548125 0.6158924046875 0.9301172515625 0.5844611125 0.9228607671875 0.572598475 0.9583101203125001 0.5788904375 0.9788567640625001 0.5834290875 0.9751310875 0.5973985500000001 0.9783561921875 0.59984463125 0.983694421875 0.6068293625 0.9853069734375 0.6113680125000001 0.9815812968750001 0.6393069390624999 0.9880315046874999 0.6564152546875001 0.9776607484375001 0.6574615390625 0.9731287953125 0.6441848453125 0.9509695984375 0.6312616656250001 0.943212540625
2 0.8651489375000001 1 0.8652501765625 0.99723304375 0.875373759375 0.9852497359375001 0.8764200437499999 0.9807177812500001 0.8690817984375 0.9647030921875 0.8411428703125001 0.9582528828125 0.8366042218749999 0.9619785593750001 0.8076190109375 0.9600603031249999 0.7915569796875 0.9658991078125 0.7824796796875 0.9733504625 0.7803871124999999 0.98241436875 0.7852792765625 0.9930908296875 0.7919567453125 1 0.8651489375000001 1
2 0.7244379703125 0.73082211875 0.71465364375 0.7094691984375 0.715699928125 0.7049372453125 0.6926389078125 0.6614251296875 0.6821618093749999 0.6590063015625 0.6776231593750001 0.662731978125 0.67448430625 0.6763278390624999 0.6769303890625 0.68166606875 0.6741450515625 0.70966406875 0.682190325 0.7544830328125001 0.68952856875 0.7704977234375 0.6965133015625 0.7721102765625 0.7045443171875 0.7691908749999999 0.7101292515625001 0.7609332421875 0.7216526328125 0.7588201171875 0.7258377687500001 0.7406923015625 0.7244379703125 0.73082211875
2 0.6758983640625 0.733936390625 0.661221871875 0.701907009375 0.6598220734375 0.6920368265625 0.6503912609375 0.6850860437499999 0.6479451796875 0.6797478140625001 0.6287442953125 0.699182478125 0.6231593625 0.707440109375 0.6200205109375 0.721035971875 0.64308153125 0.7645480874999999 0.6500662625 0.7661606390625 0.6574045078124999 0.7821753296875 0.6713739703125 0.785400434375 0.6759126203125 0.7816747562499999 0.679051471875 0.7680788953125 0.676605390625 0.762740665625 0.6786979578125 0.75367675625 0.6758983640625 0.733936390625
2 0.54523825625 0.5510188890625 0.54977690625 0.547293209375 0.555008325 0.524633440625 0.5501161625 0.51395698125 0.54313143125 0.5123444296875 0.5406853484374999 0.5070061984375 0.5302082515625 0.5045873703125 0.5165923015625 0.515764403125 0.5144997328125 0.5248283109375 0.5033298671875001 0.541343575 0.498098446875 0.5640033437499999 0.49355979687499996 0.5677290203124999 0.486235809375 0.599452696875 0.48763560781250004 0.6093228796875 0.49811270468749996 0.6117417078125 0.5061437203125 0.6088223078125 0.5082362875 0.5997584 0.5431456890625 0.5600827953125 0.54523825625 0.5510188890625
2 0.508207771875 0.5042816671875 0.52322351875 0.50297481875 0.5298547375 0.4901852328125 0.5235627765624999 0.46963859062499996 0.526701628125 0.456042728125 0.5218094640625 0.44536626874999996 0.5183170984375 0.4445599921875 0.5137784484375 0.4482856703125 0.5067937171875 0.44667311718749997 0.49073168593750005 0.4525119203125 0.44534518749999996 0.48976869531249995 0.4467449859375 0.49963887968750004 0.4526834328125 0.5057833859375 0.4771299953125 0.5114273203125 0.48166864374999996 0.507701640625 0.4921457421875 0.5101204703125 0.49668439218750005 0.5063947921875 0.503669121875 0.50800734375 0.508207771875 0.5042816671875
2 0.380050778125 0.5176558609375 0.365402803125 0.5811032140625 0.369602196875 0.610713765625 0.3765869296875 0.6123263171875 0.385664228125 0.6048749625000001 0.4024190296875 0.58010206875 0.40555788281250005 0.5665062062499999 0.41009653124999995 0.5627805296874999 0.42160565468750005 0.5129290375 0.4156672078125 0.50678453125 0.3947130125 0.501946875 0.380050778125 0.5176558609375
2 0.3300828578125 0.415423215625 0.3227446125 0.3994085265625 0.3168061640625 0.39326401875 0.30632906718749997 0.390845190625 0.30388298593749996 0.38550696093750003 0.282928790625 0.380669303125 0.2619745953125 0.375831646875 0.2494049296875 0.3824767265625 0.2473123625 0.3915406328125 0.25465060781250004 0.40755532343749995 0.2536043234375 0.412087278125 0.266527503125 0.41984433593750003 0.2773581140625 0.436665303125 0.28783521093750003 0.43908413125 0.29028129375 0.44442236093750004 0.3112354890625 0.44926001718749997 0.319266503125 0.44634061718750007 0.3300828578125 0.415423215625
2 0.3324861671875 0.277546346875 0.3261942046875 0.256999703125 0.3122247421875 0.2537745984375 0.29511642656250003 0.2641453546875 0.2916240609375 0.26333907968750003 0.281853990625 0.289724525 0.2888529796875 0.33907544375 0.2961912265625 0.3550901328125 0.3066683234375 0.35750896249999997 0.3146993390625 0.3545895609375 0.3167919078125 0.345525653125 0.3213305578125 0.341799975 0.3286545453125 0.3100762984375 0.3262084625 0.30473806875 0.3324861671875 0.277546346875
2 0.43061166562500003 0.2667858515625 0.4246732171875 0.26064134375000003 0.4002266578125 0.2549974109375 0.3876569921875 0.261642490625 0.382425571875 0.28430225937500003 0.384871653125 0.2896404890625 0.382086315625 0.3176384875 0.38733199375 0.3427170859375 0.39431672500000003 0.3443296375 0.4079326734375 0.3331526046875 0.4100252421875 0.32408869687499997 0.4145638921875 0.32036302031249997 0.41770274374999994 0.3067671578125 0.42224139374999997 0.30304148125 0.43061166562500003 0.2667858515625
2 0.5046726328125 0.3602602921875 0.5214274343749999 0.335487396875 0.5256125703125 0.3173595828125 0.5301512203125001 0.31363390468749996 0.5374752078125 0.281910228125 0.536075409375 0.2720400453125 0.508136484375 0.2655898359375 0.49905918437499996 0.273041190625 0.49592033124999996 0.28663705156249997 0.49138168125000004 0.2903627296875 0.4927814796875 0.3002329125 0.4871965453125 0.30849054531250003 0.48964262812500003 0.313828775 0.48441120781249997 0.33648854375 0.486857290625 0.3418267734375 0.48371843906249995 0.3554226359375 0.488610603125 0.36609909531249996 0.502580065625 0.3693242 0.5046726328125 0.3602602921875
2 0.40855415624999997 0.07552668125 0.39109232656250004 0.0714953 0.386907190625 0.089623115625 0.393552665625 0.124571896875 0.41067523906250003 0.1619395078125 0.41661368750000005 0.1680840140625 0.427090784375 0.1705028421875 0.43267571875 0.162245209375 0.44175301874999995 0.1547938546875 0.4452453828125 0.15560013125 0.4508303171875 0.1473425 0.45152308750000003 0.12840840781250001 0.43230794687499996 0.10010470625000001 0.40855415624999997 0.07552668125
2 0.5024802609375 0.035155634375 0.5136501296875 0.018640371875 0.508757965625 0.0079639125 0.5052656 0.007157635937499999 0.49269593437500003 0.013802714062499999 0.47768018593750006 0.015109562500000001 0.4686028875 0.02256091875 0.45254085625 0.028399721875 0.4298476078125 0.047028109375 0.42670875625000004 0.060623971875 0.43963193437500003 0.0683810296875 0.4448776109375 0.093459628125 0.458847075 0.0966847328125 0.472463025 0.0855076984375 0.50038769375 0.0442195421875 0.5024802609375 0.035155634375
2 0.5713240671875 0.1990282109375 0.5737701484375 0.204366440625 0.5852935312499999 0.2022533171875 0.5954171140625 0.19027000624999998 0.6027411015624999 0.15854633125 0.5957563703125001 0.156933778125 0.5933102890625 0.1515955484375 0.5688637265625001 0.145951615625 0.5664176453125 0.14061338437499998 0.5489558156250001 0.136582003125 0.544417165625 0.14030768124999998 0.53394006875 0.13788885312500002 0.525909053125 0.1408082546875 0.5227702015625 0.154404115625 0.5262625671875 0.155210390625 0.53115473125 0.1658868515625 0.530108446875 0.17041880625 0.5430316265624999 0.1781758640625 0.545477709375 0.18351409375 0.552462440625 0.185126646875 0.5573546031250001 0.19580310625 0.5713240671875 0.1990282109375
2 0.677437809375 0.042133215625 0.6669607109375 0.0397143859375 0.6442674625 0.058342773437499995 0.6275126609375 0.08311566875000001 0.6254200937500001 0.0921795765625 0.62088144375 0.095905253125 0.6212349578125 0.11030739062499999 0.6341581359374999 0.11806445000000002 0.63660421875 0.1234026796875 0.64358895 0.12501523125 0.65266625 0.1175638765625 0.6603437515625 0.1002423375 0.6648824015625 0.0965166609375 0.677437809375 0.042133215625
2 0.6694210515625 0.0927909828125 0.6652359156250001 0.11091879687499999 0.6666357125 0.12078898125 0.681312203125 0.1528183609375 0.6931891 0.16510737343749998 0.7123899828125 0.14567270937500001 0.7144825515625 0.1366088015625 0.7106366703125 0.1214003875 0.7071443046875 0.12059411093750001 0.6879291640625 0.09229040937500001 0.6739596999999999 0.0890653046875 0.6694210515625 0.0927909828125
2 0.7851081843750001 0.4202304328125 0.790339603125 0.3975706625 0.7784627078125 0.3852816515625 0.772170746875 0.3647350078125 0.7732170296875001 0.360203053125 0.7662322984375 0.3585905015625 0.7637862171875 0.353252271875 0.7323549234375 0.3459957859375 0.7176926906250001 0.36170477343749996 0.7156001234375 0.3707686796875 0.7180462046875 0.376106909375 0.7274770187499999 0.3830576921875 0.7407537109375 0.40521688749999996 0.74773844375 0.406829440625 0.7501845265625 0.4121676703125 0.75716925625 0.413780221875 0.7690461515625 0.42606923593749996 0.7735848015625 0.4223435578125 0.7805695328125 0.42395611093749996 0.7851081843750001 0.4202304328125
2 0.7163071515625 0.3995729546875 0.7239846515624999 0.382251415625 0.7135075546875 0.37983258750000004 0.7110614734375 0.3744943578125 0.7030304578125001 0.3774137578125 0.7005843765625 0.372075528125 0.6866149125 0.36885042343749996 0.6820762640625 0.3725761015625 0.671599165625 0.3701572734375 0.6670605140625 0.3738829515625 0.6485524015624999 0.37438352343750003 0.6314440875 0.3847542796875 0.628305234375 0.3983501421875 0.6331974 0.4090266015625 0.63599699375 0.42876696875000003 0.6639359218750001 0.435217178125 0.6775518703125 0.4240401453125 0.6890752531250001 0.4219270203125 0.7163071515625 0.3995729546875
2 0.85529475625 0.40301972656249996 0.8573873234375 0.3939558203125 0.847602996875 0.3726029 0.8441106296875001 0.3717966234375 0.8392184671875 0.3611201640625 0.8402647515625 0.356588209375 0.8367723859374999 0.3557819328125 0.8269880578125001 0.33442901406250003 0.8151111625 0.3221400015625 0.7976493328125 0.3181086203125 0.7931106828125001 0.321834296875 0.78997183125 0.335430159375 0.7753095984375 0.351139146875 0.7742633140625 0.3556711 0.7854474390624999 0.386894203125 0.7913858874999999 0.39303870937499996 0.8053553499999999 0.3962638140625 0.8078014328125 0.40160204374999997 0.8217708953124999 0.4048271484375 0.8263095453125 0.401101471875 0.8507561062500001 0.4067454046875 0.85529475625 0.40301972656249996
2 0.8947570640625001 0.4073568109375 0.9062804453125001 0.40524368749999995 0.9115118656250001 0.3825839171875 0.9101120671875 0.3727137328125 0.8954355765625 0.340684353125 0.8860047640625 0.33373357187499997 0.8762204359375 0.3123806515625 0.8657433390625 0.309961821875 0.8566660374999999 0.317413178125 0.8535271859375 0.3310090390625 0.85597326875 0.33634726875 0.8496955640625 0.36353899218749997 0.8521416468749999 0.368877221875 0.8591263765624999 0.370489775 0.8619259734375 0.390230140625 0.8668181374999999 0.40090660156249996 0.8703105046875 0.401712878125 0.8776487484375 0.4177275671875 0.8846334812500001 0.4193401203125 0.8947570640625001 0.4073568109375
2 0.815875221875 0.5418977421875 0.831230225 0.5072546640625 0.835768875 0.5035289859375001 0.8441391453125 0.46727335625000005 0.8416930640625001 0.461935125 0.8347083328125 0.4603225734375 0.8165537328125 0.475225284375 0.8085227187499999 0.47814468593750004 0.8074764343749999 0.482676640625 0.7746596015625 0.5132883359375 0.7690746671875 0.5215459671875 0.7648895312499999 0.5396737828125 0.7697816953125 0.55035024375 0.7802587921875 0.552769071875 0.7827048750000001 0.5581073015625 0.7966743375 0.56133240625 0.804705353125 0.55841300625 0.815875221875 0.5418977421875
2 0.8127078546875 0.460016871875 0.7847689265625 0.4535666625 0.780230278125 0.4572923390625 0.7697531796875 0.45487351093750006 0.757183515625 0.4615185890625 0.7501987828125001 0.4599060375 0.7295981015625 0.46947051875 0.7240131671875 0.4777281484375 0.7208743156249999 0.4913240109375 0.7236739125 0.5110643765625 0.7310121578125 0.5270790671875 0.7631362203125 0.5154014625000001 0.8141076515625001 0.46988705468749997 0.8127078546875 0.460016871875
2 0.8249952953124999 0.6776614859375 0.828134146875 0.664065625 0.8267343484375 0.654195440625 0.8082119765625 0.606957646875 0.79633508125 0.5946686359375 0.785857984375 0.59224980625 0.781319334375 0.595975484375 0.7792267671875 0.6050393921875 0.7701494671875 0.612490746875 0.7666571 0.6116844703125001 0.7624719640625 0.6298122859374999 0.7638717625 0.6396824703124999 0.768763928125 0.6503589296875 0.780640821875 0.6626479421875 0.8005487328124999 0.672017553125 0.8089332625000001 0.6835002890624999 0.8159179953125 0.685112840625 0.8249952953124999 0.6776614859375
2 0.7418712843749999 0.639376765625 0.7394252031249999 0.6340385375 0.7446566234375 0.6113787671875001 0.73730411875 0.5476257125 0.731365671875 0.5414812062500001 0.7278733046875 0.5406749296875 0.7187960062500001 0.548126284375 0.711811275 0.5465137328125 0.699241609375 0.5531588109375 0.693656675 0.56141644375 0.6905178234375 0.5750123031250001 0.69331741875 0.594752671875 0.7104399921875 0.63212028125 0.7139323578125001 0.6329265562499999 0.723716684375 0.6542794765625 0.7296551328125 0.6604239828125 0.73873243125 0.652972628125 0.7418712843749999 0.639376765625
2 1 0.1022820421875 0.9913972187500001 0.1002959328125 0.9756887015625001 0.1205368734375 0.97254985 0.134132734375 0.9680112 0.1378584125 0.959640928125 0.17411404218749998 0.962087009375 0.17945227187499999 0.959994440625 0.18851618125 0.977456271875 0.1925475625 0.9799023531250001 0.197885790625 0.98339471875 0.19869206718750002 0.9854872859375 0.18962816093749998 1 0.17771499375 1 0.1022820421875
2 0.96034795625 0.20291831718750003 0.9613942390625001 0.19838636406250001 0.9565020765625001 0.18770990468749998 0.957194846875 0.1687758125 0.9537024796875 0.16796953750000002 0.9498566 0.152761121875 0.9358871375 0.1495360171875 0.9313484875 0.153261696875 0.9282096359375 0.16685755625 0.9306557171875 0.1721957859375 0.9275168656250001 0.1857916484375 0.929962946875 0.19112987812499999 0.9292701781250001 0.21006397031250001 0.945346465625 0.2519635328125 0.9558235640625 0.2543823609375 0.9635010656249999 0.2370608234375 0.968039715625 0.23333514531250002 0.9701322843750001 0.2242712375 0.96034795625 0.20291831718750003
2 1 0.18343166875 0.998056953125 0.18298308125 0.9813021515625 0.20775597499999998 0.9792095828124999 0.2168198828125 0.9690860000000001 0.2288031921875 0.9649008640625001 0.2469310078125 0.9603622140624999 0.250656684375 0.9551307937500001 0.27331645312499997 0.9565305921875 0.28318663593750004 0.9624690390625 0.28933114375 0.97050005625 0.286411740625 0.9764385015625001 0.2925562484375 0.9939003312500001 0.29658762968749997 0.999485265625 0.288329996875 1 0.28610043749999997 1 0.18343166875