2 0.18637992812499998 0.1674418609375 0.1935483875 0.1813953484375 0.20071684531249998 0.17674418593750002 0.2078853046875 0.17674418593750002 0.2150537640625 0.1860465109375 0.2258064515625 0.1860465109375 0.22939068125 0.1813953484375 0.22939068125 0.148837209375 0.23297491093749997 0.144186046875 0.23297491093749997 0.08837209375 0.22939068125 0.0790697671875 0.222222221875 0.0790697671875 0.211469534375 0.09302325624999999 0.20071684531249998 0.1209302328125 0.1935483875 0.1302325578125 0.1899641578125 0.153488371875 0.18637992812499998 0.158139534375 0.18637992812499998 0.1674418609375
2 0.23297491093749997 0.190697675 0.24014336875 0.2 0.24731182812500002 0.2 0.2508960578125 0.1953488375 0.258064515625 0.2 0.26881720468750003 0.2 0.272401434375 0.1953488375 0.272401434375 0.148837209375 0.25448028749999996 0.10232558124999999 0.24731182812500002 0.10232558124999999 0.24014336875 0.1209302328125 0.24014336875 0.139534884375 0.2365591390625 0.144186046875 0.2365591390625 0.17674418593750002 0.23297491093749997 0.1813953484375 0.23297491093749997 0.190697675
2 0 0.35348837187500004 0.007168459375 0.3627906984375 0.014336917187500001 0.3627906984375 0.0215053765625 0.34883720937499996 0.0215053765625 0.3348837203125 0.02508960625 0.3302325578125 0.02508960625 0.30697674375 0.0215053765625 0.30232558125 0.0215053765625 0.28837209375 0.017921146875 0.28372092968749996 0.017921146875 0.260465115625 0.0107526875 0.251162790625 0 0.251162790625 0 0.35348837187500004
2 0.0860215046875 0.45116279062500003 0.12186380000000001 0.446511628125 0.1362007171875 0.43255813906249996 0.1362007171875 0.42325581406249996 0.139784946875 0.4186046515625 0.1362007171875 0.40930232499999997 0.1290322578125 0.4 0.1290322578125 0.3953488375 0.114695340625 0.3813953484375 0.10035842343750001 0.3813953484375 0.09318996406249999 0.390697675 0.089605734375 0.4046511625 0.0681003578125 0.44186046562500003 0.0681003578125 0.45116279062500003 0.0824372765625 0.455813953125 0.0860215046875 0.45116279062500003
2 0.0752688171875 0.5209302328125001 0.1039426515625 0.539534884375 0.1111111109375 0.539534884375 0.114695340625 0.5441860468749999 0.1182795703125 0.539534884375 0.1290322578125 0.539534884375 0.1326164875 0.5348837203125 0.1326164875 0.51162790625 0.1362007171875 0.50697674375 0.1362007171875 0.49302325625 0.1326164875 0.48837209374999996 0.1182795703125 0.48372092968749997 0.114695340625 0.4790697671875 0.078853046875 0.4790697671875 0.0752688171875 0.47441860468749997 0.0716845875 0.4790697671875 0.053763440625000006 0.4790697671875 0.046594982812500005 0.49767441874999996 0.060931900000000004 0.51162790625 0.0681003578125 0.51162790625 0.0752688171875 0.5209302328125001
2 0.046594982812500005 0.7302325578125 0.053763440625000006 0.739534884375 0.0716845875 0.739534884375 0.0860215046875 0.7255813953125 0.09677419375 0.7209302328125 0.10752688125000001 0.7069767437500001 0.114695340625 0.7069767437500001 0.12186380000000001 0.6976744187499999 0.125448028125 0.6976744187499999 0.1290322578125 0.6930232562499999 0.125448028125 0.6837209296875 0.10752688125000001 0.6837209296875 0.0716845875 0.6837209296875 0.0681003578125 0.68837209375 0.0573476703125 0.68837209375 0.050179210937499996 0.6930232562499999 0.043010753125 0.70232558125 0.046594982812500005 0.7302325578125
2 0.23297491093749997 0.744186046875 0.2365591390625 0.7581395343749999 0.24372759843749997 0.7674418609375 0.25448028749999996 0.7674418609375 0.258064515625 0.739534884375 0.2616487453125 0.7348837203125 0.2616487453125 0.68837209375 0.25448028749999996 0.6697674421875 0.24731182812500002 0.660465115625 0.222222221875 0.660465115625 0.2150537640625 0.6651162796875 0.2078853046875 0.6790697671875 0.211469534375 0.7069767437500001 0.222222221875 0.7255813953125 0.222222221875 0.7302325578125 0.23297491093749997 0.744186046875
2 0.204301075 0.8139534890625001 0.2078853046875 0.8186046515625 0.2150537640625 0.8186046515625 0.2186379921875 0.8139534890625001 0.258064515625 0.8139534890625001 0.2616487453125 0.8046511625000001 0.25448028749999996 0.7953488375 0.25448028749999996 0.790697675 0.24014336875 0.7767441859375 0.222222221875 0.7767441859375 0.2186379921875 0.7720930234375001 0.1899641578125 0.7720930234375001 0.18637992812499998 0.7674418609375 0.18279569843750001 0.7674418609375 0.17204301093750002 0.7813953484375 0.17204301093750002 0.8 0.18279569843750001 0.8139534890625001 0.1971326171875 0.8139534890625001 0.20071684531249998 0.8186046515625 0.204301075 0.8139534890625001
2 0.2867383515625 0.9441860468750001 0.29749103906249996 0.958139534375 0.29749103906249996 0.9627906984375001 0.3046594984375 0.9674418609375 0.31182795625000004 0.9767441859374999 0.31182795625000004 0.9813953484375 0.318996415625 0.9813953484375 0.3225806453125 0.9860465109375 0.32974910468749996 0.9720930234375 0.32974910468749996 0.9441860468750001 0.326164875 0.939534884375 0.326164875 0.9302325578125 0.3225806453125 0.9255813953124999 0.3225806453125 0.9162790703124999 0.3154121859375 0.89767441875 0.30107526875 0.8790697671875 0.293906809375 0.8790697671875 0.2867383515625 0.8883720937499999 0.2795698921875 0.8883720937499999 0.2759856625 0.89302325625 0.2759856625 0.9209302328125 0.2867383515625 0.939534884375 0.2867383515625 0.9441860468750001
2 0.7132616484375001 0.9488372093749999 0.716845878125 0.9441860468750001 0.7455197124999999 0.9441860468750001 0.75985663125 0.9302325578125 0.75985663125 0.9255813953124999 0.741935484375 0.9069767437499999 0.7275985656249999 0.9023255812500001 0.7240143375 0.89767441875 0.7132616484375001 0.89767441875 0.70967741875 0.89302325625 0.6774193546875 0.89302325625 0.673835125 0.9302325578125 0.6845878140625 0.9488372093749999 0.6881720437500001 0.9441860468750001 0.7025089609374999 0.9441860468750001 0.706093190625 0.9488372093749999 0.7132616484375001 0.9488372093749999
2 0.8888888890625 0.9162790703124999 0.90322580625 0.9255813953124999 0.9175627234375 0.9255813953124999 0.921146953125 0.9302325578125 0.9318996421874999 0.9302325578125 0.9354838703125001 0.9348837203125001 0.9605734765625 0.9348837203125001 0.9677419359374999 0.9302325578125 0.971326165625 0.9209302328125 0.9677419359374999 0.9023255812500001 0.9749103937499999 0.8883720937499999 0.9749103937499999 0.8837209296875 0.96415770625 0.8697674421875 0.9354838703125001 0.8697674421875 0.9318996421874999 0.8744186046875001 0.90322580625 0.8790697671875 0.8888888890625 0.8883720937499999 0.8817204296875 0.89767441875 0.8817204296875 0.9069767437499999 0.8888888890625 0.9162790703124999
2 0.9498207890625 0.9953488374999999 0.9498207890625 0.9860465109375 0.9247311828125 0.953488371875 0.9068100359375 0.953488371875 0.90322580625 0.958139534375 0.90322580625 0.9674418609375 0.8960573484375001 0.9720930234375 0.8960573484375001 0.9860465109375 0.8924731187500001 0.9953488374999999 0.9498207890625 0.9953488374999999
2 0.7455197124999999 0.7209302328125 0.752688171875 0.7209302328125 0.75985663125 0.7162790703125 0.7634408609375 0.7069767437500001 0.7741935484375 0.70232558125 0.7741935484375 0.6837209296875 0.7706093187499999 0.6744186046875 0.7562724015625 0.655813953125 0.7562724015625 0.651162790625 0.7240143375 0.6139534890625 0.7132616484375001 0.6139534890625 0.70967741875 0.6186046515625 0.70967741875 0.6325581390624999 0.7132616484375001 0.6372093015625 0.716845878125 0.6651162796875 0.734767025 0.7069767437500001 0.7455197124999999 0.7209302328125
2 0.716845878125 0.739534884375 0.7311827953125001 0.739534884375 0.734767025 0.7348837203125 0.734767025 0.7209302328125 0.7311827953125001 0.7162790703125 0.7311827953125001 0.7069767437500001 0.7240143375 0.68837209375 0.7025089609374999 0.660465115625 0.69892473125 0.651162790625 0.6881720437500001 0.6465116281250001 0.6845878140625 0.641860465625 0.6702508953125 0.6651162796875 0.6666666671875 0.6744186046875 0.6666666671875 0.68837209375 0.69892473125 0.7255813953125 0.706093190625 0.7255813953125 0.716845878125 0.739534884375
2 0.5089605734375 0.6 0.5125448031250001 0.609302325 0.523297490625 0.609302325 0.53046595 0.6046511625 0.53046595 0.5953488375 0.5555555562500001 0.548837209375 0.5555555562500001 0.539534884375 0.559139784375 0.5348837203125 0.559139784375 0.51162790625 0.5519713265624999 0.50232558125 0.5448028671875 0.50232558125 0.5412186375 0.49767441874999996 0.53046595 0.49767441874999996 0.5197132609375 0.51162790625 0.5197132609375 0.5209302328125001 0.5125448031250001 0.539534884375 0.5125448031250001 0.5627906984375 0.5089605734375 0.5674418609375 0.5089605734375 0.6
2 0.4551971328125 0.5162790703125 0.48028673906249997 0.5162790703125 0.4838709671875 0.51162790625 0.49462365625000004 0.51162790625 0.4982078859375 0.50697674375 0.50537634375 0.50697674375 0.5089605734375 0.50232558125 0.523297490625 0.49767441874999996 0.5268817203125 0.48372092968749997 0.5161290328125 0.4651162796875 0.5161290328125 0.45116279062500003 0.5089605734375 0.44186046562500003 0.50537634375 0.44186046562500003 0.5017921140625 0.446511628125 0.49462365625000004 0.446511628125 0.48028673906249997 0.455813953125 0.44444444375 0.50232558125 0.4480286734375 0.51162790625 0.4551971328125 0.5162790703125
2 0.42293906875 0.6 0.42293906875 0.5860465109375 0.426523296875 0.5813953484375001 0.426523296875 0.5302325578125 0.4193548390625 0.5255813953125 0.39784946250000003 0.5255813953125 0.38709677343750004 0.5441860468749999 0.38709677343750004 0.609302325 0.39784946250000003 0.6372093015625 0.405017921875 0.6372093015625 0.4121863796875 0.6279069765624999 0.42293906875 0.6
2 0.25448028749999996 0.47441860468749997 0.26881720468750003 0.48837209374999996 0.2795698921875 0.48837209374999996 0.283154121875 0.49302325625 0.3046594984375 0.49302325625 0.31182795625000004 0.48837209374999996 0.3154121859375 0.455813953125 0.3046594984375 0.44186046562500003 0.29749103906249996 0.43720930156250004 0.2867383515625 0.43720930156250004 0.283154121875 0.43255813906249996 0.2616487453125 0.43255813906249996 0.24014336875 0.43255813906249996 0.22939068125 0.44186046562500003 0.22939068125 0.45116279062500003 0.24014336875 0.4651162796875 0.24014336875 0.4697674421875 0.25448028749999996 0.47441860468749997
2 0.2795698921875 0.4046511625 0.2867383515625 0.4 0.2867383515625 0.390697675 0.29032258125 0.38604651093750003 0.29032258125 0.35348837187500004 0.2867383515625 0.34883720937499996 0.2867383515625 0.3209302328125 0.2759856625 0.30232558125 0.2616487453125 0.30232558125 0.24731182812500002 0.3162790703125 0.24372759843749997 0.3162790703125 0.24014336875 0.344186046875 0.258064515625 0.390697675 0.26881720468750003 0.4046511625 0.2795698921875 0.4046511625
2 0.36200716875 0.3720930234375 0.37275985624999997 0.358139534375 0.37275985624999997 0.34883720937499996 0.3763440859375 0.344186046875 0.3763440859375 0.3302325578125 0.379928315625 0.3255813953125 0.379928315625 0.28837209375 0.37275985624999997 0.28372092968749996 0.3476702515625 0.28372092968749996 0.3369175625 0.29302325625000003 0.3369175625 0.3162790703125 0.3405017921875 0.3209302328125 0.34408602187500004 0.34883720937499996 0.354838709375 0.3720930234375 0.36200716875 0.3720930234375
2 0.4480286734375 0.3209302328125 0.4480286734375 0.344186046875 0.451612903125 0.34883720937499996 0.451612903125 0.3627906984375 0.4587813625 0.3720930234375 0.47311827968750003 0.3720930234375 0.47311827968750003 0.3627906984375 0.4838709671875 0.3348837203125 0.4838709671875 0.3162790703125 0.48745519687499994 0.31162790625 0.48745519687499994 0.2790697671875 0.4838709671875 0.2697674421875 0.4551971328125 0.2697674421875 0.4480286734375 0.2790697671875 0.4480286734375 0.29302325625000003 0.44444444375 0.29767441875 0.4480286734375 0.30697674375 0.44444444375 0.3162790703125 0.4480286734375 0.3209302328125
2 0.3584229390625 0.1860465109375 0.3655913984375 0.17674418593750002 0.3691756265625 0.17674418593750002 0.37275985624999997 0.1674418609375 0.3691756265625 0.148837209375 0.34408602187500004 0.1255813953125 0.3154121859375 0.10697674374999999 0.29749103906249996 0.10697674374999999 0.29749103906249996 0.1255813953125 0.31182795625000004 0.158139534375 0.3369175625 0.190697675 0.34408602187500004 0.1953488375 0.354838709375 0.1953488375 0.3584229390625 0.1860465109375
2 0.32974910468749996 0.08837209375 0.34408602187500004 0.09302325624999999 0.354838709375 0.1162790703125 0.3691756265625 0.1162790703125 0.379928315625 0.10232558124999999 0.39784946250000003 0.055813953125 0.39784946250000003 0.046511628124999996 0.405017921875 0.0279069765625 0.39784946250000003 0.018604651562499998 0.3942652328125 0.018604651562499998 0.3835125453125 0.0279069765625 0.3691756265625 0.032558139062500005 0.36200716875 0.041860465624999996 0.3476702515625 0.051162790624999996 0.32974910468749996 0.0744186046875 0.32974910468749996 0.08837209375
2 0.4551971328125 0.1674418609375 0.4551971328125 0.1720930234375 0.46953405000000004 0.17674418593750002 0.47311827968750003 0.1813953484375 0.48028673906249997 0.1813953484375 0.48745519687499994 0.190697675 0.5017921140625 0.190697675 0.50537634375 0.1953488375 0.5161290328125 0.190697675 0.523297490625 0.17674418593750002 0.523297490625 0.144186046875 0.5161290328125 0.144186046875 0.5125448031250001 0.139534884375 0.48745519687499994 0.139534884375 0.4838709671875 0.1348837203125 0.4659498203125 0.1348837203125 0.462365590625 0.139534884375 0.451612903125 0.139534884375 0.44444444375 0.144186046875 0.44444444375 0.158139534375 0.4480286734375 0.158139534375 0.4551971328125 0.1674418609375
2 0.5448028671875 0.09767441875 0.548387096875 0.10232558124999999 0.5555555562500001 0.10232558124999999 0.5627240140625 0.09302325624999999 0.56630824375 0.0744186046875 0.5698924734374999 0.0697674421875 0.5698924734374999 0.0139534890625 0.559139784375 0.0139534890625 0.5412186375 0.037209301562500005 0.53046595 0.0651162796875 0.53046595 0.0744186046875 0.5268817203125 0.0790697671875 0.53046595 0.09302325624999999 0.5448028671875 0.09767441875
2 0.62724014375 0.10697674374999999 0.62724014375 0.09767441875 0.620071684375 0.0837209296875 0.6164874546875 0.0837209296875 0.59139785 0.060465115624999996 0.57706093125 0.060465115624999996 0.573476703125 0.0651162796875 0.573476703125 0.0837209296875 0.57706093125 0.09302325624999999 0.5985663078125001 0.1209302328125 0.6129032265625 0.1302325578125 0.62724014375 0.10697674374999999
2 0.7204301078124999 0.35348837187500004 0.7240143375 0.358139534375 0.7311827953125001 0.358139534375 0.7455197124999999 0.3674418609375 0.7491039421875 0.3627906984375 0.7562724015625 0.3627906984375 0.75985663125 0.358139534375 0.75985663125 0.3348837203125 0.7455197124999999 0.3255813953125 0.734767025 0.30697674375 0.734767025 0.30232558125 0.7275985656249999 0.30232558125 0.7240143375 0.29767441875 0.691756271875 0.29767441875 0.681003584375 0.3162790703125 0.681003584375 0.3255813953125 0.6845878140625 0.3302325578125 0.6953405015625 0.3348837203125 0.7132616484375001 0.35348837187500004 0.7204301078124999 0.35348837187500004
2 0.6021505375 0.3720930234375 0.609318996875 0.3813953484375 0.6164874546875 0.4 0.645161290625 0.4 0.655913978125 0.38604651093750003 0.6666666671875 0.3813953484375 0.6881720437500001 0.35348837187500004 0.691756271875 0.3348837203125 0.681003584375 0.3348837203125 0.6774193546875 0.3302325578125 0.6702508953125 0.3348837203125 0.6666666671875 0.3302325578125 0.6523297484375 0.3302325578125 0.6487455203125 0.3348837203125 0.63799283125 0.3348837203125 0.6344086015625 0.339534884375 0.6164874546875 0.344186046875 0.6021505375 0.358139534375 0.6021505375 0.3720930234375
2 0.75985663125 0.3302325578125 0.7741935484375 0.3302325578125 0.777777778125 0.3348837203125 0.7921146953125 0.3348837203125 0.7956989250000001 0.3302325578125 0.8207885296875 0.3302325578125 0.824372759375 0.3255813953125 0.824372759375 0.3162790703125 0.8100358421875 0.29767441875 0.8064516125000001 0.29767441875 0.7992831546875 0.28837209375 0.7992831546875 0.28372092968749996 0.7956989250000001 0.28372092968749996 0.7813620078125 0.2651162796875 0.7670250890625 0.255813953125 0.7491039421875 0.255813953125 0.7455197124999999 0.260465115625 0.7455197124999999 0.2744186046875 0.734767025 0.29302325625000003 0.734767025 0.29767441875 0.752688171875 0.3255813953125 0.75985663125 0.3302325578125
2 0.8207885296875 0.29302325625000003 0.8279569890625 0.31162790625 0.8351254484374999 0.3209302328125 0.838709678125 0.3209302328125 0.8494623656250001 0.3348837203125 0.8566308250000001 0.3348837203125 0.8637992828125001 0.3209302328125 0.874551971875 0.3162790703125 0.874551971875 0.29302325625000003 0.8709677421875 0.28372092968749996 0.8494623656250001 0.255813953125 0.838709678125 0.251162790625 0.824372759375 0.2325581390625 0.8136200718750001 0.2325581390625 0.8064516125000001 0.241860465625 0.8064516125000001 0.255813953125 0.8100358421875 0.260465115625 0.8100358421875 0.28837209375 0.8136200718750001 0.29302325625000003 0.8207885296875 0.29302325625000003
2 0.7670250890625 0.4790697671875 0.7741935484375 0.48837209374999996 0.7849462359375 0.48837209374999996 0.788530465625 0.49302325625 0.8028673828124999 0.49302325625 0.8100358421875 0.48837209374999996 0.8172043015625 0.4697674421875 0.824372759375 0.43255813906249996 0.8279569890625 0.4279069765625 0.8279569890625 0.390697675 0.824372759375 0.38604651093750003 0.8172043015625 0.38604651093750003 0.8028673828124999 0.4046511625 0.7956989250000001 0.40930232499999997 0.7956989250000001 0.41395348906249996 0.7706093187499999 0.45116279062500003 0.7670250890625 0.46046511562500003 0.7670250890625 0.4790697671875
2 0.7132616484375001 0.4279069765625 0.7132616484375001 0.44186046562500003 0.7204301078124999 0.46046511562500003 0.7311827953125001 0.47441860468749997 0.75985663125 0.455813953125 0.7992831546875 0.4 0.7956989250000001 0.390697675 0.7670250890625 0.390697675 0.7634408609375 0.3953488375 0.752688171875 0.3953488375 0.741935484375 0.4046511625 0.734767025 0.4046511625 0.716845878125 0.4186046515625 0.7132616484375001 0.4279069765625
2 0.788530465625 0.5767441859375 0.7956989250000001 0.5860465109375 0.8100358421875 0.5953488375 0.83154121875 0.6 0.8422939062499999 0.609302325 0.8494623656250001 0.609302325 0.8566308250000001 0.6 0.8566308250000001 0.5860465109375 0.8530465953125 0.5767441859375 0.824372759375 0.5348837203125 0.8100358421875 0.5255813953125 0.7992831546875 0.5255813953125 0.7956989250000001 0.5302325578125 0.7956989250000001 0.539534884375 0.788530465625 0.548837209375 0.7849462359375 0.548837209375 0.7849462359375 0.5674418609375 0.788530465625 0.5767441859375
2 0.70967741875 0.548837209375 0.734767025 0.5813953484375001 0.7383512546875 0.5813953484375001 0.752688171875 0.6 0.75985663125 0.6046511625 0.7670250890625 0.5953488375 0.7670250890625 0.5813953484375001 0.7634408609375 0.5767441859375 0.7634408609375 0.553488371875 0.741935484375 0.49302325625 0.734767025 0.48837209374999996 0.7311827953125001 0.48837209374999996 0.7240143375 0.49767441874999996 0.716845878125 0.49767441874999996 0.706093190625 0.50697674375 0.7025089609374999 0.5162790703125 0.7025089609374999 0.5302325578125 0.70967741875 0.548837209375
2 0.8888888890625 0 0.8781361999999999 0.023255814062499998 0.8781361999999999 0.037209301562500005 0.874551971875 0.041860465624999996 0.874551971875 0.0790697671875 0.8781361999999999 0.0837209296875 0.8781361999999999 0.09302325624999999 0.8960573484375001 0.09302325624999999 0.8996415765625001 0.09767441875 0.90322580625 0.09767441875 0.90322580625 0.08837209375 0.9175627234375 0.0697674421875 0.9175627234375 0.051162790624999996 0.9139784953125 0.046511628124999996 0.9139784953125 0.009302325 0.910394265625 0 0.8888888890625 0
2 0.8530465953125 0.1209302328125 0.8781361999999999 0.158139534375 0.8888888890625 0.158139534375 0.8924731187500001 0.139534884375 0.8960573484375001 0.1348837203125 0.8960573484375001 0.1255813953125 0.8817204296875 0.10697674374999999 0.8817204296875 0.10232558124999999 0.874551971875 0.09302325624999999 0.8709677421875 0.0744186046875 0.8673835125 0.0744186046875 0.860215053125 0.060465115624999996 0.8458781359374999 0.060465115624999996 0.8422939062499999 0.0651162796875 0.8422939062499999 0.0790697671875 0.8458781359374999 0.0837209296875 0.8458781359374999 0.09767441875 0.8494623656250001 0.10232558124999999 0.8530465953125 0.1209302328125
2 0.8924731187500001 0.17674418593750002 0.8960573484375001 0.1860465109375 0.90322580625 0.190697675 0.910394265625 0.1860465109375 0.9175627234375 0.190697675 0.9354838703125001 0.190697675 0.9390681000000001 0.1813953484375 0.9390681000000001 0.1302325578125 0.9354838703125001 0.1255813953125 0.9354838703125001 0.09767441875 0.9283154124999999 0.09302325624999999 0.9247311828125 0.0790697671875 0.9139784953125 0.0790697671875 0.90322580625 0.10697674374999999 0.90322580625 0.1162790703125 0.8960573484375001 0.1302325578125 0.8960573484375001 0.148837209375 0.8924731187500001 0.153488371875 0.8924731187500001 0.17674418593750002
2 0.9749103937499999 0.10697674374999999 0.9677419359374999 0.10697674374999999 0.96415770625 0.10232558124999999 0.9498207890625 0.10232558124999999 0.9462365593750001 0.09767441875 0.9354838703125001 0.09767441875 0.9426523296875 0.144186046875 0.9498207890625 0.144186046875 0.9605734765625 0.153488371875 0.9820788531250001 0.144186046875 0.9856630828125 0.1162790703125 0.9749103937499999 0.10697674374999999
2 0.9820788531250001 0.260465115625 0.9964157703125001 0.251162790625 0.9964157703125001 0.190697675 0.992831540625 0.1860465109375 0.971326165625 0.1860465109375 0.96415770625 0.1953488375 0.96415770625 0.2232558140625 0.9605734765625 0.2279069765625 0.9605734765625 0.246511628125 0.971326165625 0.260465115625 0.9820788531250001 0.260465115625