2 0.8131260828125001 0.10966204375 0.8085891296875 0.11853875625000002 0.8027549828125 0.1740469546875 0.8058334 0.17904729218749998 0.802430146875 0.21142707500000002 0.8055085625 0.2164274109375 0.816202346875 0.2175513734375 0.82430389375 0.209049315625 0.831433084375 0.2097986234375 0.83807609375 0.21517361406250002 0.84666381875 0.2020458734375 0.847636178125 0.19279450625 0.8445577609375 0.18779416875 0.8434240609374999 0.1642910984375 0.83726723125 0.154290425 0.8294905187499999 0.1254123640625 0.8202552734375 0.1104113515625 0.8131260828125001 0.10966204375
2 0.785743025 0.13016788125 0.7630582640625 0.17455144375 0.758196475 0.2208082765625 0.761274890625 0.22580861406250002 0.771968675 0.22693257500000003 0.7795840421875 0.22305619999999998 0.782662459375 0.22805653750000002 0.7897916484375 0.2288058453125 0.79789319375 0.22030378750000001 0.7988655515625 0.21105242031250002 0.7957871375 0.2060520828125 0.799190390625 0.1736723015625 0.7961119734375 0.1686719640625 0.7980566890625 0.15016923124999998 0.792872215625 0.1309171890625 0.785743025 0.13016788125
2 1 0.337443096875 0.9979945203125 0.339547721875 0.9965359828125001 0.3534247703125 0.992485209375 0.35767579843749997 0.9900543140625 0.380804215625 0.99313273125 0.38580455156250004 0.99167419375 0.399681603125 0.997344846875 0.41430796093750005 1 0.414587028125 1 0.337443096875
2 0.8955914828125 0.42232038125000004 0.8798745671875 0.434698815625 0.8793883890625 0.43932449843750004 0.871286840625 0.44782655625 0.8667498874999999 0.4567032703125 0.8698283046874999 0.46170360625000006 0.868855946875 0.470954971875 0.8816557875000001 0.48633063906249996 0.9168155562500001 0.49470286249999995 0.9198939703125 0.4997031984375 0.9346385296875 0.49657613125 0.9356108875 0.48732476562500004 0.91811275 0.44807137499999994 0.9160066921875 0.433819671875 0.909849859375 0.423818996875 0.8955914828125 0.42232038125000004
2 0.921027671875 0.52320626875 0.885381725 0.5194597296875 0.8813309515625001 0.5237107578125 0.8665863937499999 0.5268378265625 0.8625356203125 0.53108885625 0.861077084375 0.5449659046875001 0.8641555000000001 0.549966240625 0.8617246062499999 0.5730946578125 0.864803021875 0.578094996875 0.8754968046875 0.5792189578125 0.8785752203125 0.5842192953125 0.88262599375 0.579968265625 0.889755184375 0.5807175734375 0.92021665625 0.565212071875 0.928318203125 0.5567100125 0.9354473921875 0.5574593218749999 0.9511643062499999 0.5450808874999999 0.945979834375 0.525828846875 0.9281568609375 0.5239555765625 0.9250784453125 0.518955240625 0.921027671875 0.52320626875
2 0.8532960703124999 0.7218658296875 0.8487591171875 0.7307425421875 0.851837534375 0.7357428796875001 0.8554021265625 0.7361175328125 0.861558959375 0.7461182078124999 0.8686881484375 0.746867515625 0.8779233953125001 0.761868528125 0.8881310015625001 0.7676181734374999 0.9009308421875 0.7829938390625 0.9187538156249999 0.784867109375 0.9268553609374999 0.77636505 0.9333370296875 0.7489856046875001 0.9271801999999999 0.73898493125 0.9205371890625 0.7336099390624999 0.9098434046874999 0.7324859781249999 0.9067649890625 0.7274856390625 0.87111904375 0.7237390984375 0.8532960703124999 0.7218658296875
2 0.7345307484375 0.6859991765625 0.7264292 0.6945012359375 0.7173552953125 0.7122546625 0.7124935078125 0.75851149375 0.7155719234375 0.76351183125 0.71621944375 0.791640584375 0.726913228125 0.792764546875 0.735014775 0.7842624875 0.7400379046875 0.7707600921875 0.7521902265625 0.7580070046875 0.75267640625 0.753381321875 0.7653149046875 0.73600255 0.7717965734375001 0.7086231046875 0.7661259203124999 0.693996746875 0.7594829109375001 0.6886217546875 0.7345307484375 0.6859991765625
2 0.7839467421874999 0.7987590109375 0.7798959671875 0.8030100390625 0.7513792109375 0.8000128078125 0.7473284375 0.8042638359375 0.729505465625 0.8023905671874999 0.7137885484375001 0.8147690015625001 0.7133023703125 0.819394684375 0.7052008234375 0.8278967421875001 0.7077930609374999 0.8375227640625 0.7470036015625 0.8416439578125001 0.750082015625 0.84664429375 0.7572112062499999 0.8473936015625 0.7612619796875 0.8431425734375001 0.7643403953125001 0.8481429109375 0.7683911671875 0.84389188125 0.782649546875 0.8453904968750001 0.7948018671875 0.832637409375 0.7967465828125 0.814134675 0.7875113359375 0.7991336640625 0.7839467421874999 0.7987590109375
2 0.627480125 1 0.6296925124999999 0.9976782406250001 0.6368217015625001 0.9984275484375 0.63730788125 0.993801865625 0.6454094265625 0.9852998078124999 0.6530247953125 0.9814234328125 0.6535109734375 0.9767977484375001 0.66566329375 0.9640446609375 0.6661494734375 0.959418978125 0.6787879734375 0.9420402078125001 0.681705046875 0.9142861078125 0.67862663125 0.909285771875 0.6714974406249999 0.9085364625000001 0.6653406109375 0.8985357875 0.6582114203125 0.8977864796875 0.6420083265625001 0.9147905968750001 0.632934421875 0.932544021875 0.6319620640625 0.9417953890625 0.627911290625 0.9460464171874999 0.62693893125 0.955297784375 0.6228881578125 0.9595488140624999 0.619971084375 0.9873029125 0.6248937578125 1 0.627480125 1
2 0.2503890984375 0.868952975 0.24633832500000002 0.8732040046874999 0.235644540625 0.8720800421874999 0.23159376874999998 0.876331071875 0.216849209375 0.8794581375 0.197081521875 0.8960876015625001 0.19659534218750002 0.900713284375 0.2093951859375 0.9160889515624999 0.237911940625 0.9190861828125 0.24099035781249997 0.9240865203125 0.24811954531249997 0.9248358281250001 0.25217031875 0.9205847984375 0.266428696875 0.9220834140624999 0.2695071140625 0.9270837515625001 0.2821456140625 0.9097049796875 0.28247045000000004 0.8723248609375001 0.2503890984375 0.868952975
2 0 0.8847270640625 0.021444029687499998 0.886980921875 0.025494801562500002 0.8827298921875 0.036188585937500004 0.8838538546875 0.040239359375 0.8796028265625001 0.0544977375 0.8811014421875001 0.06972847343750001 0.8733486921875 0.077830021875 0.8648466328125 0.078802378125 0.8555952671875 0.072645546875 0.8455945921874999 0.0593595265625 0.834844609375 0.0313289484375 0.82722169375 0.0282505328125 0.8222213578125 0 0.8192521062499999 0 0.8847270640625
2 0.030193096875 0.9066076171875 0.00183768125 0.936364821875 0.0008653234375000001 0.9456161890624999 0.0578988375 0.9516106531249999 0.0553066 0.9419846312500001 0.05676513749999999 0.9281075828124999 0.050122128125 0.9227325921875 0.0510944859375 0.9134812234374999 0.04801606875 0.9084808875 0.030193096875 0.9066076171875
2 0.26530145312500003 0.589913365625 0.22933067187499998 0.6235469453125 0.2288444921875 0.628172628125 0.21264139843750002 0.6451767453125 0.2081044453125 0.65405345625 0.20615972968750002 0.672556190625 0.21636733437500003 0.6783058343749999 0.218959571875 0.68793185625 0.22560258281249998 0.693306846875 0.232731771875 0.6940561562500001 0.2448840921875 0.6813030671875 0.267082675 0.6415451890625 0.27356434375 0.6141657421875 0.2776151171875 0.6099147140625 0.2790736546875 0.5960376640625 0.2759952375 0.591037328125 0.26530145312500003 0.589913365625
2 0.297544146875 0.6260396874999999 0.286364184375 0.6295414078125 0.2818272328125 0.6384181203125 0.257522590625 0.663924296875 0.2484486875 0.6816777218750001 0.2474763296875 0.6909290890625 0.24342555625 0.6951801171875001 0.24196701874999998 0.709057165625 0.245045434375 0.7140575046875 0.2593038125 0.7155561203125 0.2714561328125 0.7028030328125 0.27858532187499996 0.703552340625 0.3145561046875 0.6699187609374999 0.3160146421875 0.6560417109375 0.31342240625 0.646415690625 0.3015949203125 0.621788659375 0.297544146875 0.6260396874999999
2 0.4592502515625 0.49337863750000005 0.45519947812500006 0.49762966718749996 0.4480702890625 0.49688035781249995 0.4399687421875 0.5053824171875 0.4375378484375 0.5285108328125 0.4406162625 0.5335111718750001 0.4396439046875 0.5427625375 0.459734278125 0.591641946875 0.45876192031249996 0.6008933140625 0.46540493125 0.6062683046874999 0.4760987140625 0.6073922671875 0.4806356671875 0.5985155546875001 0.48403891874999994 0.566135771875 0.48096050312500005 0.5611354359375 0.4833913984375 0.53800701875 0.478206925 0.518754978125 0.4791792828125 0.5095036109375 0.469944034375 0.4945026 0.4592502515625 0.49337863750000005
2 0.49716575 0.441242325 0.48906420156249997 0.4497443828125 0.487605665625 0.4636214328125 0.47496716718750004 0.48100020312499997 0.477073225 0.49525190781250006 0.49084542343750004 0.50137620625 0.49392384062500005 0.50637654375 0.5010530281250001 0.5071258515625 0.50413144375 0.5121261890625 0.5148252296875 0.51325015 0.51790364375 0.5182504890625 0.54285580625 0.5208730671875 0.550471175 0.516996690625 0.555008128125 0.508119978125 0.52422396875 0.45811660625000006 0.5109379484375001 0.4473666234375 0.5038087609375 0.446617315625 0.5007303453125 0.44161697968749997 0.49716575 0.441242325
2 0.57752939375 0.533870971875 0.5699140265625 0.537747346875 0.5645660593749999 0.5886298625 0.5676444734375 0.5936302 0.5661859375 0.60750725 0.5739626484375 0.6363853109375001 0.5801194796875 0.6463859859375 0.58724866875 0.64713529375 0.6008595265625 0.6205051562499999 0.60766603125 0.5557455921875001 0.5989169624999999 0.5361188968749999 0.57752939375 0.533870971875
2 0.7227075671875001 0.45559415937500003 0.7186567937499999 0.45984518750000003 0.7079630109374999 0.45872122656250003 0.7003476421875 0.462597603125 0.688195321875 0.4753506890625 0.6883566640625001 0.5081051265625 0.6949996734375 0.51348011875 0.7163872421875 0.5157280421875 0.720438015625 0.5114770125 0.7311317984375 0.512600975 0.7468487140625 0.500222540625 0.761593271875 0.4970954734375 0.7620794515625 0.49246979062499996 0.7742317703125 0.4797167015625 0.7752041281250001 0.47046533593750006 0.765482703125 0.46009000625 0.7440951359375 0.4578420828125 0.7227075671875001 0.45559415937500003
2 0.7434497671875 0.3268243375 0.730811265625 0.34420310781249996 0.72789419375 0.3719572078125 0.72384341875 0.37620823593749997 0.7204401671875 0.40858801875 0.7235185828125 0.41358835625 0.722546225 0.4228397234375 0.7291892359375 0.4282147140625 0.73988301875 0.429338675 0.752035340625 0.4165855890625 0.7747201031250001 0.3722020265625 0.77407258125 0.3440732734375 0.7705079859375 0.34369861875 0.7577081453125001 0.328322953125 0.7434497671875 0.3268243375
2 0.649150428125 0.2982059453125 0.641535059375 0.302082321875 0.637645628125 0.3390877875 0.6407240437499999 0.34408812499999997 0.6392655078125 0.357965175 0.6423439234375 0.36296551093749996 0.641371565625 0.37221687812500004 0.6506068125 0.3872178890625 0.6577360015625 0.3879671984375 0.6708606796875001 0.36596274375000004 0.677342346875 0.3385832984375 0.681393121875 0.33433226875 0.6838240156250001 0.311203853125 0.6741025890625 0.3008285234375 0.649150428125 0.2982059453125
2 0.54010653125 0.2727146234375 0.5355695796875 0.281591334375 0.5321663265625001 0.31397111718750004 0.5352447421875001 0.31897145625 0.5333000265625001 0.33747418749999997 0.5410767375 0.36635225 0.5401043796875 0.375603615625 0.5543627578125 0.3771022328125 0.5624643046875 0.368600175 0.5639228421875 0.3547231234375 0.5679736156249999 0.3504720953125 0.570404509375 0.327343678125 0.5744552828125 0.32309265 0.571863046875 0.313466628125 0.5763999984375 0.304589915625 0.5733215828125 0.2995895796875 0.5747801203125 0.2857125296875 0.5686232875 0.27571185468750004 0.54010653125 0.2727146234375
2 0.7246587390625 0.12842444687500001 0.694197265625 0.1439299484375 0.6668142109375 0.1644357859375 0.6613049 0.182563865625 0.6638971375 0.1921898859375 0.66746173125 0.19256453906249998 0.6736185625 0.2025652140625 0.6762108 0.212191234375 0.6869045828125 0.213315196875 0.6945199515625 0.209438821875 0.7228753671875 0.179681615625 0.740536996875 0.14880045 0.7424817125 0.1302977171875 0.7246587390625 0.12842444687500001
2 0.6519104625 0.031919425 0.6438089140625001 0.0404214828125 0.6489933890625 0.0596735234375 0.64802103125 0.06892488906250001 0.660982215625 0.1170549921875 0.6702174624999999 0.1320560046875 0.684475840625 0.1335546203125 0.6976005187500001 0.111550165625 0.712345075 0.1084230984375 0.7138036125 0.0945460484375 0.698411534375 0.0695443625 0.6851255140625 0.05879438125000001 0.6789686828125 0.0487937046875 0.6651964828125 0.04266940625 0.6554750578124999 0.032294078125 0.6519104625 0.031919425
2 0.5542057203125 0.1385698078125 0.5501549453125001 0.1428208390625 0.5252027828125 0.1401982609375 0.521152009375 0.144449290625 0.514022821875 0.14369998281250002 0.5106195687499999 0.1760797640625 0.5162902203125 0.190706121875 0.5264978265625 0.1964557671875 0.5305486 0.1922047390625 0.544806978125 0.1937033546875 0.552908525 0.1852012953125 0.5600377140624999 0.185950603125 0.5640884875000001 0.1816995734375 0.5788330453125 0.17857250625 0.5793192234375 0.1739468234375 0.587420771875 0.1654447640625 0.590985365625 0.16581941875 0.5924439031250001 0.1519423703125 0.5858008921875 0.146567378125 0.575107109375 0.1454434171875 0.5720286921875 0.140443078125 0.5542057203125 0.1385698078125
2 0.48129609999999995 0.00931035 0.47546195312500006 0.0648185484375 0.47854036874999994 0.06981888593749999 0.48016024843749994 0.088696271875 0.486317078125 0.098696946875 0.49344626874999997 0.0994462546875 0.49749704218749996 0.09519522500000001 0.5122416000000001 0.0920681578125 0.5172647312499999 0.0785657625 0.5141863156250001 0.07356542499999999 0.515158671875 0.064314059375 0.5073819625 0.035435996875 0.491989884375 0.0104343125 0.48129609999999995 0.00931035
2 0.45504674375 0.05331925625 0.42766368750000006 0.0738250953125 0.4240990921875 0.073450440625 0.415511365625 0.086578184375 0.41453900781249997 0.09582955 0.4263664921875 0.12045658125 0.44159722968750004 0.11270383125000001 0.46590187031249997 0.08719765625 0.470438821875 0.07832094375000001 0.4723835375 0.059818210937500005 0.469305121875 0.0548178734375 0.45504674375 0.05331925625
2 0.29836161875 0.27536690468749997 0.29431084687500003 0.279617934375 0.28718165625 0.2788686265625 0.286695478125 0.28349430937500003 0.274056978125 0.3008730796875 0.2588262421875 0.3086258296875 0.256395346875 0.331754246875 0.2594737625 0.336754584375 0.266602953125 0.33750389375 0.26968136875000004 0.3425042296875 0.2849121046875 0.334751478125 0.2920412921875 0.3355007859375 0.2960920671875 0.3312497578125 0.30322125624999996 0.331999065625 0.3229889453125 0.3153696015625 0.33416890781249997 0.31186788125 0.33821968125 0.3076168515625 0.3391920390625 0.2983654859375 0.330442971875 0.278738790625 0.29836161875 0.27536690468749997
2 0.3519918796875 0.31374115156250004 0.3479411078125 0.3179921796875 0.341298096875 0.31261718906249997 0.3372473234375 0.31686821875 0.326553540625 0.31574425625 0.32817341718750004 0.33462164375 0.3466439125 0.3646236671875 0.35685151875 0.3703733109375 0.36608676406249996 0.3853743234375 0.39460352187500003 0.38837155624999997 0.40367742656249994 0.3706181296875 0.41177897343750003 0.362116071875 0.41323751093750005 0.348239021875 0.40043766875 0.3328633578125 0.383100875 0.3263644046875 0.380022459375 0.321364065625 0.3693286734375 0.32024010468749997 0.366250259375 0.3152397671875 0.3519918796875 0.31374115156250004
2 0.25996209531250003 0.22923990781249998 0.24473135781250002 0.23699265937499997 0.22852826406250001 0.253996775 0.22496366874999998 0.25362212031250003 0.2244774890625 0.25824780468749997 0.21637594375 0.2667498640625 0.2128113484375 0.266375209375 0.1966082546875 0.2833793265625 0.195635896875 0.29263069218750004 0.1987143140625 0.2976310296875 0.223666475 0.3002536078125 0.22674489062499997 0.30525394375000003 0.24100326875000003 0.30675256093750003 0.2450540421875 0.30250153125 0.2593124203125 0.304000146875 0.26692778906250003 0.300123771875 0.2876678359375 0.27424294374999997 0.28815401406249996 0.2696172609375 0.279404946875 0.24999056562500002 0.2808634828125 0.2361135140625 0.2777850671875 0.23111317812499999 0.25996209531250003 0.22923990781249998
2 0.20535947499999999 0.20011702812499998 0.18915637968750001 0.2171211453125 0.17797641875 0.220622865625 0.1536717765625 0.246129040625 0.1491348234375 0.25500575468750003 0.14670392968749998 0.2781341703125 0.1569115359375 0.283883815625 0.1625821875 0.298510171875 0.1697113765625 0.29925948125 0.18186369687499998 0.28650639375 0.1854282921875 0.286881046875 0.19352983906250001 0.2783789875 0.20260374374999998 0.26062556406250004 0.2097329328125 0.261374871875 0.21378370625 0.25712384374999997 0.2167007796875 0.2293697421875 0.220751553125 0.2251187140625 0.22221009062500002 0.21124166562500002 0.2160532578125 0.2012409890625 0.20535947499999999 0.20011702812499998
2 0.189315571875 0.3527645734375 0.1852647984375 0.35701560468750004 0.1813753671875 0.3940210703125 0.1844537828125 0.39902140625000004 0.1876935390625 0.43677618125000006 0.1928780140625 0.45602822187500003 0.199521025 0.46140321406249996 0.213779403125 0.46290182968750004 0.2178301765625 0.4586508 0.228523959375 0.45977476250000004 0.2366255078125 0.451272703125 0.2385702234375 0.4327699703125 0.23597798593750002 0.42314394999999994 0.2149152546875 0.38351590625 0.21540143281250002 0.378890221875 0.2087584234375 0.37351523124999997 0.196444759375 0.35351388125 0.189315571875 0.3527645734375
2 0.21734614843750003 0.36038749062500003 0.21280919531250003 0.3692642015625 0.24618559062499998 0.4288935953125 0.2727576328125 0.450393559375 0.2849099515625 0.437640471875 0.29398385781249997 0.4198870484375 0.29544239375000003 0.40600999687500006 0.29285015625 0.396383978125 0.2764857203125 0.38063365781249997 0.26935653125000003 0.37988434843749996 0.25963510625 0.369509021875 0.2489413203125 0.368385059375 0.24586290625 0.36338472187500004 0.21734614843750003 0.36038749062500003
2 0.1889885828125 0.4930336875 0.173757846875 0.5007864375 0.14086547968750002 0.5394203546874999 0.1363285265625 0.5482970671875 0.1348699890625 0.5621741171875 0.14102682187499999 0.572174790625 0.1481560109375 0.5729241 0.159822153125 0.5647966953125 0.1816958984375 0.5624189359375 0.196926634375 0.554666184375 0.20502818281250001 0.5461641265625 0.2095651359375 0.537287415625 0.21150985156250002 0.51878468125 0.20794525625000002 0.518410028125 0.20178842343749998 0.5084093546874999 0.20276078125 0.49915798593750005 0.199682365625 0.49415765 0.1889885828125 0.4930336875
2 0.2677345 0.46389595625 0.26011913125 0.46777233125000006 0.2324112390625 0.5256582890625 0.22998034375 0.5487867046875 0.22592957187499998 0.5530377343749999 0.224471034375 0.566914784375 0.23062786562499998 0.5769154578125 0.238243234375 0.5730390828124999 0.254446328125 0.556034965625 0.258010921875 0.5564096203125 0.28636633749999996 0.526652415625 0.2954402421875 0.508898990625 0.296898778125 0.49502194062499993 0.294306540625 0.4853959203125 0.284585115625 0.4750205921875 0.2774559265625 0.474271284375 0.27129909531249996 0.4642706109375 0.2677345 0.46389595625
2 0.1362933125 0 0.1356917640625 0.005723348437499999 0.1316409921875 0.009974378124999999 0.1296962765625 0.0284771109375 0.14200993906249998 0.0484784609375 0.14103758125000002 0.057729826562499996 0.14460217656250002 0.05810448124999999 0.14865294843750002 0.0538534515625 0.1664759234375 0.055726721874999996 0.16744828125 0.0464753546875 0.171499053125 0.042224325 0.17538848437500001 0.005218859375 0.1723100703125 0.000218521875 0.1723330375 0 0.1362933125 0
2 0.1877021484375 0.0252202078125 0.17911442187499999 0.03834795 0.1755498265625 0.0379732953125 0.1700405171875 0.056101374999999995 0.16193897031249999 0.0646034328125 0.1614527921875 0.069229115625 0.145249696875 0.086233234375 0.1442773390625 0.0954846 0.1473557546875 0.10048493750000001 0.148975634375 0.1193623234375 0.15966941875000001 0.12048628593749999 0.1885110109375 0.0861033984375 0.194020321875 0.06797531875 0.1980710953125 0.063724290625 0.1995296328125 0.049847240625 0.20358040625 0.0455962109375 0.2050389421875 0.031719162499999995 0.20196052656250002 0.0267188234375 0.1877021484375 0.0252202078125
2 0.1215947296875 0.03697916875 0.11657159843750001 0.050481565625 0.10895623125000001 0.054357940625000004 0.10603915781249999 0.08211204062500001 0.1019883828125 0.08636306875000001 0.096640415625 0.137245584375 0.099232653125 0.14687160625 0.117055625 0.148744875 0.1246709921875 0.1448684984375 0.131314003125 0.1502434921875 0.1389293703125 0.146367115625 0.14346632343750002 0.137490403125 0.14589721875 0.1143619875 0.1428188015625 0.10936165 0.1447635171875 0.0908589171875 0.139092865625 0.076232559375 0.1400652234375 0.06698119218750001 0.1322885125 0.03810313125 0.1215947296875 0.03697916875
2 0.0982624453125 0.053233978125000005 0.094211671875 0.0574850078125 0.07995329375 0.0559863921875 0.0759025203125 0.0602374203125 0.0687733328125 0.0594881125 0.057107189062499994 0.06761551875 0.057754710937499995 0.095744271875 0.078169921875 0.10724356093750001 0.08983606250000001 0.09911615781250001 0.0969652515625 0.09986546562500001 0.10895623125000001 0.054357940625000004 0.0982624453125 0.053233978125000005
2 0.0426853171875 0.1362514578125 0.03863454375 0.1405024875 0.03231421875 0.20063636875 0.0456002390625 0.2113863515625 0.056294021875 0.2125103125 0.06844634375 0.1997572265625 0.070391059375 0.1812544921875 0.06731264218750001 0.17625415625000002 0.070229715625 0.14850005625 0.064072884375 0.13849938125 0.0426853171875 0.1362514578125