2 0.72890625 0.90078125 0.075 0.1296875
2 0.68359375 0.878125 0.0546875 0.1109375
2 0.61015625 0.8671875 0.10625 0.125
2 0.559375 0.94453125 0.1 0.1109375
2 0.46328125 0.82890625 0.1078125 0.096875
2 0.38125 0.9296875 0.0671875 0.115625
2 0.3328125 0.884375 0.071875 0.0921875
2 0.071875 0.82421875 0.0703125 0.121875
2 0.0296875 0.78984375 0.059375 0.1359375
2 0.0328125 0.88046875 0.065625 0.1078125
2 0.884375 0.6375 0.109375 0.1125
2 0.903125 0.55 0.1203125 0.096875
2 0.7109375 0.67734375 0.0875 0.1421875
2 0.61171875 0.68125 0.084375 0.1421875
2 0.50703125 0.67734375 0.075 0.140625
2 0.71875 0.565625 0.121875 0.1
2 0.93671875 0.35078125 0.1203125 0.096875
2 0.790625 0.33203125 0.09375 0.1328125
2 0.83125 0.2390625 0.1203125 0.096875
2 0.75859375 0.09921875 0.0890625 0.128125
2 0.60703125 0.434375 0.0703125 0.14375
2 0.51171875 0.515625 0.1015625 0.090625
2 0.4734375 0.4390625 0.06875 0.13125
2 0.33359375 0.6125 0.1109375 0.0890625
2 0.25390625 0.63203125 0.09375 0.09375
2 0.1859375 0.65546875 0.0953125 0.1125
2 0.12890625 0.6609375 0.096875 0.128125
2 0.23515625 0.53203125 0.1046875 0.0921875
2 0.17421875 0.50703125 0.0734375 0.1265625
2 0.2734375 0.40859375 0.1015625 0.1453125
2 0.184375 0.3734375 0.1078125 0.121875
2 0.3375 0.27421875 0.1 0.121875
2 0.28359375 0.29296875 0.09375 0.1234375
2 0.346875 0.0515625 0.1078125 0.0890625
2 0.1421875 0.0390625 0.11875 0.078125