2 0.2015625 0.14765625 0.1296875 0.078125
2 0.2078125 0.1984375 0.1109375 0.0578125
2 0.19296875 0.27109375 0.128125 0.109375
2 0.10078125 0.290625 0.115625 0.1015625
2 0.178125 0.42265625 0.1 0.109375
2 0.05703125 0.46484375 0.1140625 0.0703125
2 0.08203125 0.52578125 0.09375 0.075
2 0.0546875 0.79140625 0.109375 0.0734375
2 0.06640625 0.84609375 0.1328125 0.0703125
2 0.0171875 0.809375 0.034375 0.071875
2 0.50234375 0.0921875 0.1140625 0.1125
2 0.59140625 0.10390625 0.1 0.1234375
2 0.40546875 0.24140625 0.14375 0.090625
2 0.36796875 0.3328125 0.14375 0.0890625
2 0.33515625 0.4328125 0.1421875 0.0796875
2 0.51328125 0.271875 0.103125 0.1234375
2 0.78984375 0.140625 0.1 0.1234375
2 0.7578125 0.284375 0.134375 0.096875
2 0.85859375 0.27734375 0.1 0.1234375
2 0.95 0.39375 0.1 0.09375
2 0.59765625 0.421875 0.14375 0.075
2 0.48984375 0.48359375 0.09375 0.103125
2 0.5484375 0.54609375 0.1328125 0.0734375
2 0.33671875 0.61796875 0.0921875 0.1125
2 0.2921875 0.68671875 0.0953125 0.096875
2 0.246875 0.7421875 0.1140625 0.0953125
2 0.221875 0.79375 0.1296875 0.1
2 0.3796875 0.7375 0.0953125 0.10625
2 0.38203125 0.803125 0.1265625 0.078125
2 0.50859375 0.74453125 0.146875 0.1046875
2 0.5109375 0.83984375 0.125 0.1109375
2 0.65625 0.73046875 0.1234375 0.103125
2 0.6203125 0.77421875 0.125 0.0953125
2 0.86875 0.796875 0.0921875 0.109375
2 0.8171875 0.9671875 0.096875 0.065625