2 0.16875 0.14765625 0.10625 0.11875
2 0.078125 0.22578125 0.1328125 0.09375
2 0.34140625 0.42578125 0.15625 0.1390625
2 0.33359375 0.56328125 0.1578125 0.1171875
2 0.2265625 0.5734375 0.128125 0.0828125
2 0.1609375 0.6578125 0.153125 0.11875
2 0.071875 0.809375 0.1 0.15
2 0.209375 0.85 0.103125 0.1453125
2 0.26953125 0.92734375 0.078125 0.125
2 0.33359375 0.88828125 0.0734375 0.153125
2 0.4 0.71953125 0.15625 0.1171875
2 0.3828125 0.7828125 0.1703125 0.0921875
2 0.07109375 0.53046875 0.140625 0.090625
2 0.49765625 0.065625 0.134375 0.115625
2 0.52265625 0.1390625 0.10625 0.1296875
2 0.71875 0.2109375 0.128125 0.140625
2 0.68203125 0.60546875 0.1625 0.084375
2 0.809375 0.54453125 0.0875 0.190625
2 0.871875 0.5765625 0.0734375 0.1625
2 0.9046875 0.76796875 0.140625 0.1109375
2 0.76328125 0.83515625 0.090625 0.1328125
2 0.809375 0.97578125 0.159375 0.0484375