2 0.84296875 0.159375 0.1015625 0.115625
2 0.93125 0.240625 0.1296875 0.0890625
2 0.66171875 0.43125 0.1515625 0.134375
2 0.6640625 0.56875 0.153125 0.1125
2 0.77109375 0.5828125 0.1265625 0.078125
2 0.83359375 0.66953125 0.1484375 0.1140625
2 0.9171875 0.82421875 0.0953125 0.146875
2 0.778125 0.86015625 0.0984375 0.1421875
2 0.715625 0.93515625 0.0734375 0.1234375
2 0.653125 0.89375 0.06875 0.1515625
2 0.5921875 0.72265625 0.1515625 0.1125
2 0.60703125 0.78671875 0.1671875 0.0875
2 0.92734375 0.5453125 0.1375 0.0875
2 0.5171875 0.06640625 0.1296875 0.1109375
2 0.48984375 0.13828125 0.1015625 0.1265625
2 0.29140625 0.20390625 0.1234375 0.1359375
2 0.3140625 0.59921875 0.1609375 0.0796875
2 0.18984375 0.53359375 0.08125 0.1890625
2 0.12578125 0.56328125 0.06875 0.1609375
2 0.08671875 0.753125 0.1375 0.1078125
2 0.225 0.82578125 0.0859375 0.1296875
2 0.17421875 0.97109375 0.1578125 0.0578125