2 0.707969240625 0 0.7093027203125 0.001991821875 0.7599135312499999 0.041198175 0.77462251875 0.038071684375 0.7833093890625 0.024695075 0.7780602890625 0 0.707969240625 0
2 0.6192464390625 0 0.623944425 0.0162919015625 0.6747861046875 0.0746661109375 0.6939539609375001 0.07443524375 0.7068688328125 0.044786403125 0.6841165078125 0 0.6192464390625 0
2 0.7092137015625 0.055818142187499996 0.6984128296875001 0.0773308671875 0.7141343078125 0.0970494796875 0.8015175843750001 0.128439603125 0.8159957015625 0.10614525625 0.808410340625 0.08854064687499999 0.7646032671875 0.0632616546875 0.7165681953124999 0.054254896875 0.7092137015625 0.055818142187499996
2 0.4693748578125 0.2835932046875 0.46225123281249997 0.30432430625 0.48109920156249997 0.33875190312500003 0.549545490625 0.389540753125 0.568713346875 0.38930988437499997 0.5918783359375 0.3536389296875 0.5790524828125 0.329461446875 0.5174099328125 0.29259996250000003 0.47305210468750003 0.28281158125 0.4693748578125 0.2835932046875
2 0.40005792656250005 0.28295343125 0.36632293437499996 0.3593049671875 0.36545229218749997 0.40945404218750003 0.37671489999999996 0.4262770296875 0.40613287187499997 0.4200240453125 0.42617137187500004 0.369644103125 0.421570653125 0.29375430156250004 0.403735175 0.2821718078125 0.40005792656250005 0.28295343125
2 0.3363903953125 0.200401740625 0.3248079015625 0.2182372171875 0.3339565078125 0.2431963203125 0.326051259375 0.26025017500000003 0.3532662125 0.31595963125000004 0.3703200671875 0.32386487812500003 0.38245331718750003 0.2905387921875 0.3790959578125 0.2566619484375 0.3400676421875 0.1996201171875 0.3363903953125 0.200401740625
2 0.2180259 0.1679101046875 0.214579521875 0.18785958281249998 0.2318642453125 0.2149326875 0.300310534375 0.2657215359375 0.3158011421875 0.266272290625 0.333174884375 0.23951907343749998 0.319567409375 0.211664346875 0.2209215234375 0.163451234375 0.2180259 0.1679101046875
2 0.3590046296875 0.18022139375 0.3700363703125 0.177876525 0.4057963453125 0.1472151921875 0.4053346109375 0.1088794796875 0.32617646875 0.025777034375 0.3041129890625 0.030466771875 0.3040239703125 0.08429309375 0.27616924374999996 0.0979005703125 0.28531785 0.1228596734375 0.3590046296875 0.18022139375
2 0.0376989671875 0.1332154484375 0.0271289640625 0.1738960296875 0.0376099484375 0.1870417703125 0.10849012499999999 0.1950360375 0.152617084375 0.1856565625 0.1649812015625 0.17149833125 0.12406975312499999 0.14176047187500002 0.0560852 0.129307334375 0.0376989671875 0.1332154484375
2 0.035087040624999996 0.28366267343749996 0.021159678125 0.29046641093750003 0.021390545312500002 0.3096342671875 0.0578431234375 0.336476503125 0.15235002656250002 0.34713552812500004 0.1608060296875 0.3145910625 0.14586617500000001 0.2985496984375 0.0844544921875 0.28085606875 0.042441534375 0.282099428125 0.035087040624999996 0.28366267343749996
2 0 0.41516562187500006 0.06455784375 0.40423018906249997 0.08639045468749999 0.3803725953125 0.0840455859375 0.36934085625 0.047042253125 0.357989228125 0 0.362178346875 0 0.41516562187500006
2 0.0587665953125 0.4131479265625 0.014870503125 0.44169525781249996 0.035832475 0.46798674062499995 0.1190767671875 0.4618227765625 0.1498271203125 0.4437564296875 0.1375520203125 0.40408833906249997 0.0783773515625 0.4089795328125 0.0587665953125 0.4131479265625
2 0.4375396359375 0.6401080875 0.41336215625 0.652933940625 0.43212110625 0.741187859375 0.459105190625 0.7777294593749999 0.49353278749999996 0.758881490625 0.48024519843749996 0.696368296875 0.4448941296875 0.6385448421875 0.4375396359375 0.6401080875
2 0.8078400359375 0.5921453953125 0.7865581796875001 0.600512378125 0.7831118 0.6204618578125001 0.8552353343749999 0.6704690828125 0.890675421875 0.6744662171875 0.908049165625 0.647713 0.89968218125 0.6264311421875 0.8115172828125001 0.591363771875 0.8078400359375 0.5921453953125
2 0.8031864875 0.3894350953125 0.7944996171875001 0.402811703125 0.82883819375 0.4377900546875 0.9028448625 0.460493309375 0.9233450968750001 0.448449078125 0.92233260625 0.42560397656250004 0.9089559968750001 0.41691710468750004 0.8178954734375001 0.386308603125 0.8031864875 0.3894350953125
2 0.86312394375 0.34594790937500003 0.8612408109375 0.37325188125 0.8769622890625 0.3929704921875 0.9519814468750001 0.4385188484375 0.980617796875 0.42858861875 0.9796053062500001 0.40574351562500005 0.954966090625 0.38023365781249996 0.8815101765625 0.34203979375000004 0.86312394375 0.34594790937500003
2 0.4798362921875 0.784853084375 0.46669055156250006 0.79533406875 0.46692142031249995 0.8145019250000001 0.482642896875 0.8342205359375001 0.5763681765625 0.8412023124999999 0.61447301875 0.8215727203125001 0.6150237749999999 0.8060821109375 0.59351105 0.7952812390624999 0.50557701875 0.779381725 0.4798362921875 0.784853084375
2 0.4629242859375 0.8499420125 0.451341790625 0.8677774906250001 0.45603152812500003 0.8898409718750001 0.4804398765625 0.8961829734375 0.56446579375 0.8936962562499999 0.60022576875 0.863034925 0.585285915625 0.8469935609375 0.48314914218749994 0.8456430859375 0.4629242859375 0.8499420125
2 0.37103766718750003 1 0.3776188203125 0.9910625921875 0.3834990875 0.9283185312500001 0.377246103125 0.8989005593750001 0.3669959875 0.9049226750000001 0.349160509375 0.8933401796875 0.3454832625 0.8941218031249999 0.3214476296875 0.9799418328125 0.325711125 1 0.37103766718750003 1
2 0.1927801875 0.8266518156249999 0.1835425625 0.8555190328125001 0.21240977968750002 0.8647566578125 0.3006636984375 0.845997709375 0.29073346875 0.817361359375 0.21484366875 0.8219620765625001 0.1927801875 0.8266518156249999
2 0.09027901875 0.8868729671875 0.07713327812500001 0.8973539515625 0.095892228125 0.9856078703125 0.11069023281249998 0.9286550578125 0.0976335109375 0.8853097218749999 0.09027901875 0.8868729671875
2 0.18825185 0.389468371875 0.1681243328125 0.49367463593750005 0.18039943125 0.5333427265624999 0.2084850265625 0.53890310625 0.21873514374999997 0.5328809921875 0.2264985421875 0.442832959375 0.217900690625 0.4023832453125 0.2029608359375 0.38634188125 0.18825185 0.389468371875
2 0.26726814375 0.3995766421875 0.231969903125 0.468573684375 0.2468207375 0.5384413703125001 0.271548975 0.5101249078125 0.289242603125 0.448713225 0.28878086718749996 0.4103775140625 0.2709453890625 0.39879501875 0.26726814375 0.3995766421875