2 0.0939849625 0 0.060150376562499996 0.04511278125 0.063909775 0.071428571875 0.0939849625 0.07518797031249999 0.1691729328125 0 0.15037594062499998 0 0.0939849625 0
2 0.1691729328125 0 0.12406015 0.0676691734375 0.12406015 0.0939849625 0.1353383453125 0.1052631578125 0.15037594062499998 0.1052631578125 0.1917293234375 0.056390978125000005 0.2142857140625 0 0.1917293234375 0 0.1691729328125 0
2 0.24436090156249998 0 0.21804511249999997 0.0413533828125 0.20300751875 0.0977443609375 0.22180451093750003 0.12406015 0.240601503125 0.1203007515625 0.27819548906249997 0.0526315796875 0.28195488750000003 0 0.2631578953125 0 0.24436090156249998 0
2 0.21804511249999997 0.1278195484375 0.20300751875 0.10902255624999999 0.195488721875 0.10902255624999999 0.15037594062499998 0.1278195484375 0.1127819546875 0.1616541359375 0.10902255624999999 0.180451128125 0.1278195484375 0.1992481203125 0.2067669171875 0.15037594062499998 0.21804511249999997 0.1278195484375
2 0.48496240625000003 0.3383458640625 0.49624060156249994 0.3007518796875 0.48496240625000003 0.28195488750000003 0.48120300781249997 0.28195488750000003 0.4398496234375 0.3007518796875 0.3872180453125 0.349624059375 0.3796992484375 0.37593985 0.40977443593749996 0.4060150375 0.428571428125 0.40225563906249995 0.48496240625000003 0.3383458640625
2 0.601503759375 0.334586465625 0.5526315796875 0.26691729375 0.5488721796875 0.26691729375 0.5338345859375 0.28195488750000003 0.5451127812500001 0.3571428578125 0.5751879703125 0.40225563906249995 0.6052631578125001 0.40225563906249995 0.6127819546875 0.383458646875 0.601503759375 0.334586465625
2 0.60902255625 0.2142857140625 0.6127819546875 0.187969925 0.5977443609375 0.17293233125000002 0.5939849625 0.17293233125000002 0.5676691734375 0.2368421046875 0.5714285718750001 0.2706766921875 0.5902255640625 0.3007518796875 0.6052631578125001 0.289473684375 0.6203007515625 0.22932330781250002 0.60902255625 0.2142857140625
2 0.7142857140625 0.1353383453125 0.7067669171875 0.116541353125 0.70300751875 0.1127819546875 0.6165413531249999 0.180451128125 0.60902255625 0.210526315625 0.631578946875 0.23308270625 0.646616540625 0.22932330781250002 0.70300751875 0.165413534375 0.7142857140625 0.1353383453125
2 0.5714285718750001 0 0.5112781953125001 0.0977443609375 0.5187969921875 0.1353383453125 0.5601503765625 0.1578947375 0.5714285718750001 0.1578947375 0.631578946875 0.08646616562500001 0.6353383453125 0.060150376562499996 0.6052631578125001 0.0526315796875 0.5939849625 0 0.5714285718750001 0
2 0.8947368421874999 0.0827067671875 0.87593985 0.04511278125 0.8571428578125 0.04511278125 0.7932330828125 0.071428571875 0.759398496875 0.10902255624999999 0.774436090625 0.1203007515625 0.8195488718749999 0.1203007515625 0.8872180453125 0.0977443609375 0.8947368421874999 0.0827067671875
2 0.9285714281249999 0.2142857140625 0.9248120296875 0.195488721875 0.9097744359375 0.1917293234375 0.9022556390625001 0.1917293234375 0.8609022562499999 0.1992481203125 0.8045112781249999 0.22932330781250002 0.7932330828125 0.2481203 0.8082706765625 0.27819548906249997 0.898496240625 0.2481203 0.9285714281249999 0.2142857140625
2 0.9962406015624999 0.259398496875 0.975563909375 0.259398496875 0.913533834375 0.26691729375 0.8796992484375 0.28571428593750003 0.8796992484375 0.29699248125 0.9060150374999999 0.3157894734375 0.9962406015624999 0.312030075 0.9962406015624999 0.259398496875
2 0.913533834375 0.3233082703125 0.8934849625 0.3233082703125 0.834586465625 0.3308270671875 0.8308270671875 0.3721804515625 0.8646616546875 0.383458646875 0.9473684203125 0.3721804515625 0.9624060156249999 0.3421052625 0.913533834375 0.3233082703125
2 0.5902255640625 0.62406015 0.5827067671874999 0.62406015 0.5601503765625 0.687969925 0.5601503765625 0.7518797 0.5977443609375 0.7631578953125 0.6165413531249999 0.7218045109375 0.6165413531249999 0.631578946875 0.5902255640625 0.62406015
2 0.240601503125 0.6578947375 0.21804511249999997 0.6541353390625 0.2142857140625 0.6541353390625 0.1353383453125 0.7067669171875 0.131578946875 0.7293233078125 0.15413533906250002 0.7518797 0.187969925 0.740601503125 0.2481203 0.6766917296875 0.240601503125 0.6578947375
2 0.1917293234375 0.4661654140625 0.180451128125 0.45488721875 0.165413534375 0.45488721875 0.0827067671875 0.5037593984375001 0.071428571875 0.51503759375 0.07518797031249999 0.5375939843750001 0.0977443609375 0.5451127812500001 0.165413534375 0.507518796875 0.1917293234375 0.4661654140625
2 0.1203007515625 0.45112782031250004 0.1127819546875 0.42481202968750004 0.0939849625 0.42481202968750004 0.0300751875 0.477443609375 0.0112781953125 0.507518796875 0.01503759375 0.5300751874999999 0.04511278125 0.5338345859375 0.10902255624999999 0.4736842109375 0.1203007515625 0.45112782031250004
2 0.5977443609375 0.8007518796875001 0.5939849625 0.7819548875 0.57894736875 0.774436090625 0.5526315796875 0.774436090625 0.46992481250000007 0.8082706765625 0.45112782031250004 0.8233082703125 0.45488721875 0.8383458640624999 0.49624060156249994 0.8496240593750001 0.586466165625 0.8233082703125 0.5977443609375 0.8007518796875001
2 0.62406015 0.8496240593750001 0.60902255625 0.834586465625 0.5883458640625 0.834586465625 0.4887218046875 0.8571428578125 0.477443609375 0.87593985 0.5187969921875 0.898496240625 0.601503759375 0.8834586468750001 0.62406015 0.8721804515624999 0.62406015 0.8496240593750001
2 0.774436090625 0.9736842109375001 0.774436090625 0.9323308265625 0.73308270625 0.853383459375 0.7293233078125 0.853383459375 0.7142857140625 0.8684210531250001 0.70300751875 0.8646616546875 0.70300751875 0.8947368421874999 0.7218045109375 0.95488721875 0.7556390984375 0.98496240625 0.774436090625 0.9736842109375001
2 0.8458646609375 0.7556390984375 0.7706766921875 0.76691729375 0.76691729375 0.79699248125 0.8571428578125 0.79699248125 0.8834586468750001 0.7819548875 0.8684210531250001 0.7556390984375 0.8458646609375 0.7556390984375
2 0.9699248125000001 0.8383458640624999 0.9962406015624999 0.89097744375 0.9962406015624999 0.8007518796875001 0.9812030078125 0.7932330828125 0.9736842109375001 0.7932330828125 0.9699248125000001 0.8383458640624999
2 0.8233082703125 0.42481202968750004 0.7819548875 0.32706766875 0.76691729375 0.32706766875 0.7556390984375 0.3458646609375 0.7556390984375 0.3872180453125 0.7819548875 0.4736842109375 0.7932330828125 0.477443609375 0.8195488718749999 0.4661654140625 0.8233082703125 0.42481202968750004
2 0.7067669171875 0.353383459375 0.70300751875 0.353383459375 0.687969925 0.368421053125 0.695488721875 0.4060150375 0.725563909375 0.46240601562499994 0.7556390984375 0.48496240625000003 0.7556390984375 0.413533834375 0.7067669171875 0.353383459375