2 0.8160718687499999 0 0.8593858953125 0.035075007812499996 0.8889033640624999 0.028192490625 0.8898914187500001 0.0016278953125 0.8883802781249999 0 0.8160718687499999 0
2 0.74618776875 0 0.7602121687500001 0.0265980546875 0.8064475468750001 0.0708799015625 0.8214027640625 0.0693080453125 0.8314402843750001 0.056912740625 0.8286895359375 0.0307411125 0.803176771875 0 0.74618776875 0
2 0.6681531734374999 0 0.673826709375 0.0318974265625 0.71828810625 0.0952662578125 0.737375090625 0.097040240625 0.7533183609375 0.06890379218750001 0.7324686828125 0.0143935859375 0.7210313187499999 0 0.6681531734374999 0
2 0.7544972546875 0.0801202046875 0.7415068578125 0.10038608125 0.75508105625 0.1216400140625 0.8387044765624999 0.1619922203125 0.8554336765624999 0.14133337968749998 0.8497300515624999 0.1230323234375 0.80880533125 0.0933127265625 0.7619748625 0.079334275 0.7544972546875 0.0801202046875
2 0.4921632953125 0.2815775046875 0.4829117046875 0.3014504171875 0.49805775781249995 0.337659565625 0.5608202109375 0.3953247734375 0.5799071953125 0.3970987578125 0.6066739140624999 0.3640446125 0.5964455578125001 0.338658909375 0.5389937671875 0.2955559546875 0.4959021 0.281184540625 0.4921632953125 0.2815775046875
2 0.42329296406249994 0.27369564375 0.38176186562500003 0.34610265 0.3756539875 0.39588599687500003 0.3850964171875 0.4137940890625 0.41500685 0.4106503765625 0.4402017140625 0.3626410140625 0.44355884218749997 0.2866860390625 0.42703177031250006 0.2733026796875 0.42329296406249994 0.27369564375
2 0.3686032125 0.184941109375 0.35521985312500004 0.2014681828125 0.36170940625000003 0.22724684687500002 0.35206485 0.24338095625 0.37330749218750003 0.301629965625 0.3894416015625 0.31127452187500004 0.4049919078125 0.27939926875 0.405194034375 0.245357065625 0.372342015625 0.1845481453125 0.3686032125 0.184941109375
2 0.25428343125 0.1402550078125 0.24877064375 0.15973495625 0.26313076875 0.18846649843750002 0.325893221875 0.2461317046875 0.3412414015625 0.2482986515625 0.361316440625 0.22350804375000002 0.3506951203125 0.1943835390625 0.2576292703125 0.13612323906249998 0.25428343125 0.1402550078125
2 0.393202984375 0.1672351453125 0.404419396875 0.166056253125 0.44318845781249994 0.1393008203125 0.44673642343750003 0.10112685156250001 0.3766984890625 0.010205371874999999 0.354265665625 0.012563156249999999 0.34855075156250004 0.06608530625 0.319426246875 0.076706628125 0.32591580000000003 0.1024852921875 0.393202984375 0.1672351453125
2 0.0785709265625 0.086901115625 0.06380654687500001 0.126253978125 0.0728560125 0.1404232671875 0.14251227187499999 0.1557827359375 0.1873779203125 0.1510671671875 0.20115424375000002 0.13827889843750002 0.163575365625 0.104427534375 0.09726494687500001 0.0849362953125 0.0785709265625 0.086901115625
2 0.060247290625000005 0.2362511546875 0.0456850390625 0.24156181562499998 0.043911056250000004 0.2606488 0.077358165625 0.2911543234375 0.170233178125 0.3116336171875 0.18204468125 0.2801513265625 0.1688634484375 0.26263619843749997 0.109637671875 0.238620228125 0.0677249 0.2354652265625 0.060247290625000005 0.2362511546875
2 0 0.364099209375 0.0769539125 0.3592387265625 0.10116072031250001 0.33779395624999997 0.099981828125 0.32657754375 0.06436777031249999 0.3114202015625 0.0018915734375 0.31042650156249996 0 0.3106253140625 0 0.364099209375
2 0.0702622328125 0.3675022625 0.0236225984375 0.3913048171875 0.041721529687499995 0.41964339375000004 0.1251541109375 0.42221459531249994 0.1576244578125 0.40746150468750003 0.149563046875 0.3667276234375 0.090201275 0.365406584375 0.0702622328125 0.3675022625
2 0.4232365171875 0.632811675 0.39785081718750004 0.6430400328125 0.40728195781250004 0.73277133125 0.4302985828125 0.77193335625 0.46650773125 0.7567873031250001 0.45982734062499997 0.6932276328125 0.43071412656249997 0.632025746875 0.4232365171875 0.632811675
2 0.7965218390625 0.6238186578125 0.7744819796875 0.629915246875 0.7689691921875 0.6493951953125 0.835470446875 0.7066674390625 0.8702985765625 0.714347175 0.8903736171875 0.6895565640625 0.8842770281250001 0.6675167046875 0.8002606437500001 0.62342569375 0.7965218390625 0.6238186578125
2 0.8130827796875 0.4217323984375 0.8030452609375001 0.434127703125 0.83353949375 0.47250379843749996 0.9047676109375 0.502818484375 0.9264145062500001 0.4929830921875 0.927795525 0.470157303125 0.9154002203125 0.46011978437499995 0.8280379968749999 0.4201605421875 0.8130827796875 0.4217323984375
2 0.8772375406249999 0.384748609375 0.8725106828125 0.41170616875 0.8860848796875 0.4329601 0.9559319765625001 0.48610057500000003 0.9854494453125 0.47921805781250004 0.9868304640625001 0.45639226875 0.9649927296874999 0.4284466578125 0.8959315609375 0.3827837890625 0.8772375406249999 0.384748609375
2 0.4501714953125 0.7811849484375 0.4360022078125 0.7902344125 0.434228225 0.8093213968749999 0.44780242187499997 0.8305753296875 0.5402844703125 0.84731581875 0.580232421875 0.8317767999999999 0.58239936875 0.8164286203125 0.5621334921875001 0.8034382250000001 0.476343125 0.7784341984375 0.4501714953125 0.7811849484375
2 0.42654848906250004 0.8441495265625001 0.41316512968749997 0.8606765984375 0.415522915625 0.883109425 0.43913463124999996 0.8919680515625 0.5229601796875001 0.8982780578125 0.5617292390624999 0.8715226265625 0.54854800625 0.8540075 0.44711191250000004 0.8419882234375 0.42654848906250004 0.8441495265625001
2 0.3046870609375 1 0.32695921875 0.9755801843749999 0.3393658125 0.913794496875 0.33622209999999997 0.8838840640625 0.3253986515625 0.8888017609375 0.3088715796875 0.8754184 0.305132775 0.875811365625 0.2722581765625 0.95864885625 0.27658078124999996 0.9997757015625 0.2770625859375 1 0.3046870609375 1
2 0.1603187578125 0.7927491671875 0.14811429062499998 0.8204926515625001 0.17585777656249998 0.83269711875 0.265589075 0.8232659796874999 0.25870655781249996 0.7937485109375 0.182751584375 0.7903913828125 0.1603187578125 0.7927491671875
2 0.0520842765625 0.8419261328125 0.037914987500000004 0.8509755968749999 0.047346128125 0.9407068953125 0.06801625781250001 0.8856128890624999 0.059561884375 0.8411402046875001 0.0520842765625 0.8419261328125
2 0.20151334062499998 0.357487321875 0.1706035625 0.459018834375 0.1786649734375 0.499752715625 0.20601549375 0.5082183796875 0.21683894218750002 0.5033006828125 0.2339723953125 0.4145574390625 0.2296497890625 0.37343059218749997 0.21646855625 0.3559154640625 0.20151334062499998 0.357487321875
2 0.279040171875 0.37579966875 0.23672314375 0.4407290671875 0.2441894625 0.5117663453125 0.2717421125 0.4861898078125 0.2957580828125 0.4269640328125 0.29930604843749997 0.3887900640625 0.2827789765625 0.3754067046875 0.279040171875 0.37579966875