2 0.165625 0.15078125 0.1140625 0.1
2 0.2484375 0.0640625 0.0875 0.128125
2 0.434375 0.3375 0.13125 0.14921875
2 0.571875 0.3375 0.10859375 0.1515625
2 0.5875 0.23046875 0.0765625 0.12578125
2 0.675 0.16953125 0.11015625 0.14765625
2 0.83125 0.08828125 0.14453125 0.0921875
2 0.86484375 0.228125 0.14140625 0.0953125
2 0.9390625 0.2921875 0.121875 0.071875
2 0.89609375 0.35390625 0.14921875 0.06640625
2 0.72421875 0.41171875 0.11015625 0.15
2 0.78828125 0.39765625 0.08359375 0.16484375
2 0.553125 0.0734375 0.08515625 0.1359375
2 0.06640625 0.475 0.11015625 0.12890625
2 0.13828125 0.50390625 0.12578125 0.1
2 0.2 0.703125 0.134375 0.12265625
2 0.59609375 0.6875 0.0765625 0.16015625
2 0.528125 0.8109375 0.18828125 0.078125
2 0.55703125 0.875 0.159375 0.06640625
2 0.74609375 0.91796875 0.10390625 0.1359375
2 0.82109375 0.78046875 0.12734375 0.08359375
2 0.96953125 0.834375 0.0609375 0.15625