2 0.7556753281249999 0.58025975 0.740413209375 0.5645591359375 0.7073246546874999 0.5581273718750001 0.684073059375 0.5599746999999999 0.6762034890625 0.5533514265624999 0.670360615625 0.5598560625 0.6415046578125 0.5669809906250001 0.6240959375 0.5623236828125 0.61014498125 0.5634320796875001 0.555593015625 0.5732025843749999 0.4669984453125 0.5814494625 0.4379039765625 0.589801425 0.4142346625 0.6055749109375 0.403800771875 0.6239211015625 0.40755634843750005 0.6399318625 0.42305697656249996 0.6544054421875 0.459603296875 0.6666029109375 0.4661011015625 0.6920604765625 0.4864905609375 0.7049375578125 0.5105169921875 0.71088121875 0.558987571875 0.7088423828125 0.5949382625 0.7005497375 0.636434015625 0.675507403125 0.6608781671874999 0.6675249062499999 0.7145366921875 0.62701923125 0.74458520625 0.6137591328124999 0.7535287265624999 0.59130305625 0.7556753281249999 0.58025975
2 0.6682759171875 0.4881406703125 0.653490821875 0.4699859875 0.5889832890625 0.448533221875 0.5578621234375001 0.4437572765625 0.4955604921875 0.4227332953125 0.48578283281249995 0.42592629375 0.3512227015625 0.3997704546875 0.294405528125 0.3976400859375 0.2440268578125 0.40949519375000004 0.22256344687500002 0.42569746249999996 0.21898577812500003 0.44410297343750005 0.2269146515625 0.46219833593750004 0.25296777656249997 0.4812699046875 0.2435472328125 0.50618005 0.2580938171875 0.525561765625 0.31085630000000003 0.5485517125 0.3593861828125 0.557984965625 0.4164418671875 0.5588883 0.5387812234375 0.5419199953125 0.5857021328124999 0.5242991828125 0.6233817046875 0.518889390625 0.6341134109375 0.51078825625 0.6429370249999999 0.5125033921875 0.667560384375 0.49182177187500004 0.6682759171875 0.4881406703125
2 0.818937509375 0.36079862500000004 0.8043909250000001 0.341416909375 0.78352444375 0.3309938953125 0.7915139203125 0.31344595468750003 0.7754769640625 0.289954353125 0.7418520828124999 0.2745045671875 0.6997014015625 0.2675847 0.6654202875 0.26728810625 0.58397975625 0.285839359375 0.4947882578125 0.32071151875 0.43725555 0.3222622515625 0.3642222140625 0.3093394046875 0.3613007765625 0.3125917234375 0.43415490468750007 0.33821369375 0.4457207484375 0.3493756375 0.449476325 0.365386396875 0.4661695109375 0.3737248078125 0.46915025000000005 0.3819445796875 0.47427759218750004 0.37912104687500003 0.5093335421875 0.387208628125 0.519588225 0.3815615609375 0.6220138421875 0.3963775015625 0.7459621750000001 0.4064632625 0.801706696875 0.3905575859375 0.81726793125 0.3693878625 0.818937509375 0.36079862500000004
0 0.38471132343750003 0 0.37394837812500004 0.01198195 0.381340925 0.021059290624999998 0.3952918828125 0.0199508953125 0.40870651406249997 0.0098244765625 0.40989907031249995 0.0036893062499999997 0.4055155484375 0 0.38471132343750003 0
0 0.6246426703125 0.19441855 0.6040147 0.1827685046875 0.551073009375 0.1724776828125 0.54517083125 0.167510228125 0.5302658296875 0.173526759375 0.5145859921875 0.171752303125 0.50188689375 0.1781976203125 0.497952109375 0.174885984375 0.48459678124999994 0.1964844921875 0.49514927656249996 0.20108248125 0.533008059375 0.182973565625 0.559717415625 0.18689194375 0.5984696375 0.19951819531249998 0.6087836249999999 0.20534321875 0.60419260625 0.217184775 0.5904801625 0.21706613749999998 0.587379515625 0.23301757812499999 0.593997228125 0.23430393125 0.616712496875 0.2234385828125 0.61611686875 0.20294847031250002 0.6239271359375 0.198099653125 0.6246426703125 0.19441855
0 0.5076111640625001 0.1487488046875 0.5053459578124999 0.13684793125 0.48525431250000006 0.13421590625 0.472793725 0.1394341890625 0.46921605624999996 0.1578396984375 0.48274929375 0.17065745937500001 0.499144665625 0.1687508140625 0.5071341406250001 0.1512028734375 0.5076111640625001 0.1487488046875
0 0.9526041984375 0.35621929531249996 0.9381169171874999 0.34830967031250004 0.9234504265625001 0.35309916874999997 0.8975752078125 0.36844386875 0.9062196140625 0.38285813125 0.9375199890625 0.3749349515625 0.95117313125 0.3635815 0.9526041984375 0.35621929531249996
0 0.1924504265625 0.6159470484375 0.17820165625 0.6068103890625001 0.1495249078125 0.6012361937499999 0.1221000171875 0.60099891875 0.13193698125 0.609278009375 0.151551603125 0.6143641015625 0.1919734046875 0.6184011171875 0.1924504265625 0.6159470484375
0 0.4333696609375 0.7073458593749999 0.43235631406249997 0.7007819046875 0.41154913437499996 0.7018309828125 0.3976574796875 0.7144114687500001 0.394556834375 0.7303629109374999 0.41804694062500003 0.72728855 0.43313115 0.70857289375 0.4333696609375 0.7073458593749999
0 0.778862415625 0.755401909375 0.7500670625 0.726883534375 0.736354615625 0.726764896875 0.73295615625 0.7324712828125 0.75686268125 0.7625861578124999 0.7786239046875 0.75662894375 0.778862415625 0.755401909375
0 0.12245193125 0.8111776421875 0.11875565625 0.8066389718750001 0.09401369375 0.8043764124999999 0.06640959375 0.8168382609375 0.0671844296875 0.8246292499999999 0.07600804531250001 0.8263443859375 0.1214978859375 0.8160857781249999 0.12245193125 0.8111776421875