2 0.30625 0.402247190625 0.29500000000000004 0.4494382015625 0.29625 0.474157303125 0.305 0.4966292140625 0.32875 0.50786516875 0.33375 0.5460674156249999 0.34500000000000003 0.56404494375 0.36 0.5707865171875001 0.38 0.56404494375 0.4 0.5438202249999999 0.41375 0.5168539328125 0.43875000000000003 0.43146067343750005 0.45875000000000005 0.37977528125000004 0.4625 0.36629213437499997 0.46125 0.34831460625 0.47375 0.32134831406250003 0.48125 0.3168539328125 0.47625 0.30786516875 0.48250000000000004 0.28539325781249997 0.48250000000000004 0.25168539375 0.47000000000000003 0.233707865625 0.45875000000000005 0.233707865625 0.43499999999999994 0.23820224687499997 0.41624999999999995 0.2651685390625 0.36625 0.31011235937500004 0.35375 0.33258427031250004 0.32125 0.3685393265625 0.30625 0.402247190625
2 0.42625 0.5707865171875001 0.41624999999999995 0.6269662921875 0.41624999999999995 0.67640449375 0.42874999999999996 0.7325842703125 0.445 0.7505617984375 0.47125000000000006 0.746067415625 0.485 0.7752808984375 0.50125 0.7865168546875 0.52 0.7865168546875 0.54 0.7685393265625 0.56125 0.7213483140625 0.5700000000000001 0.6651685390625001 0.5700000000000001 0.5280898875 0.575 0.5191011234375 0.5662499999999999 0.45393258437500006 0.5675 0.422471909375 0.5587500000000001 0.3550561796875 0.54375 0.3370786515625 0.54 0.3370786515625 0.515 0.35730337031250003 0.515 0.36629213437499997 0.505 0.3752808984375 0.4925 0.4112359546875 0.46624999999999994 0.45393258437500006 0.42625 0.5707865171875001
2 0.61375 0.5483146062500001 0.61 0.5528089890625 0.6174999999999999 0.5573033703125 0.6224999999999999 0.5752808984375 0.6375 0.582022471875 0.64625 0.5955056187500001 0.6575 0.6719101125 0.66125 0.669662921875 0.6625 0.5955056187500001 0.675 0.5393258421875 0.7262500000000001 0.458426965625 0.76 0.382022471875 0.76625 0.34831460625 0.7675 0.305617978125 0.75875 0.269662921875 0.73875 0.2494382015625 0.72 0.253932584375 0.71375 0.2314606734375 0.6975 0.21348314531249998 0.68875 0.21348314531249998 0.665 0.2247191015625 0.63875 0.27640449375 0.625 0.4 0.62 0.5033707859375001 0.6125 0.51235955 0.61375 0.5483146062500001
0 0.97 0.6831460671875 0.9637499999999999 0.6831460671875 0.9512499999999999 0.694382021875 0.9475 0.7078651687499999 0.9550000000000001 0.7168539328125 0.97 0.7078651687499999 0.975 0.69213483125 0.97 0.6831460671875
0 0.9949999999999999 0.8651685390624999 0.99375 0.8629213484375 0.98125 0.8808988765624999 0.9775 0.905617978125 0.98375 0.9168539328125 0.99875 0.894382021875 0.99875 0.8651685390624999 0.9949999999999999 0.8651685390624999
0 0.7975 0.45168539374999994 0.8099999999999999 0.4494382015625 0.81375 0.4606741578125 0.81875 0.5011235953125001 0.8175000000000001 0.5280898875 0.7925 0.561797753125 0.795 0.5730337078125001 0.81875 0.56404494375 0.8162499999999999 0.5595505625 0.825 0.5483146062500001 0.8262499999999999 0.5325842703125 0.835 0.5191011234375 0.83125 0.51235955 0.83125 0.458426965625 0.8237500000000001 0.43595505625 0.82 0.43595505625 0.81375 0.4426966296875 0.79375 0.438202246875 0.7787499999999999 0.458426965625 0.7787499999999999 0.46516853906250005 0.795 0.46516853906250005 0.7975 0.45168539374999994
0 0.8574999999999999 0.56404494375 0.8462500000000001 0.5595505625 0.84375 0.5595505625 0.825 0.56404494375 0.82 0.57977528125 0.8300000000000001 0.5955056187500001 0.8487500000000001 0.5955056187500001 0.85625 0.5842696625 0.8574999999999999 0.56404494375
0 0.7275 0.08314606718749999 0.72 0.08314606718749999 0.70625 0.094382021875 0.6925 0.12359550625 0.705 0.1348314609375 0.725 0.11235955 0.7325 0.0988764046875 0.7275 0.08314606718749999
0 0.3275 0.77977528125 0.325 0.77977528125 0.32125 0.8202247187499999 0.3225 0.8404494375 0.32875 0.8516853937500001 0.33375 0.8247191015625001 0.33375 0.79550561875 0.3275 0.77977528125
0 0.28375 0.5258426968750001 0.28250000000000003 0.5258426968750001 0.26125 0.5370786515625 0.25375000000000003 0.5595505625 0.27 0.5595505625 0.28500000000000003 0.5483146062500001 0.29 0.5280898875 0.28375 0.5258426968750001
0 0.30125 0.177528090625 0.29125 0.197752809375 0.31625000000000003 0.22696629218750003 0.3225 0.2247191015625 0.325 0.2112359546875 0.3025 0.177528090625 0.30125 0.177528090625
0 0.12250000000000001 0.8112359546875 0.11750000000000001 0.8112359546875 0.09875 0.853932584375 0.09875 0.8629213484375 0.10625 0.8651685390624999 0.12375 0.8404494375 0.12625 0.8157303375 0.12250000000000001 0.8112359546875