2 0.5260208203125 0.7667103625 0.5345099265625 0.746526790625 0.5275016671875 0.7135555250000001 0.516716071875 0.6928741265625 0.519737940625 0.6830422296875 0.5114674 0.6802054 0.493633946875 0.6564272812499999 0.49111889375000006 0.638582715625 0.4846475359375 0.626173878125 0.4543385875 0.57977616875 0.41213063906249997 0.50144675 0.393074503125 0.477928521875 0.3693065953125 0.4623039953125 0.3483419921875 0.459867975 0.33507142968750003 0.46958090468749997 0.3278050078125 0.4895045859375 0.3308569625 0.5279115812499999 0.30996204375 0.54383990625 0.306075425 0.5676399796875 0.30999213124999997 0.5920787984375 0.3308078546875 0.635899565625 0.3524883265625 0.6657521578125001 0.3917536015625 0.6941643796875 0.40865261875 0.713546328125 0.4669043453125 0.747112434375 0.49085121875000004 0.7695911046874999 0.515016659375 0.7690493703125 0.5260208203125 0.7667103625
2 0.5766672109375001 0.6502649890625001 0.5876016859375001 0.6295616374999999 0.582143959375 0.5617998765625 0.5743802328125 0.5312865828125 0.5693897234375 0.4657229046875 0.562630115625 0.457970125 0.5341298625 0.32388697187500004 0.5138906390625 0.2707540859375 0.4832934390625 0.22901243437500002 0.4599927484375 0.2155859921875 0.44165248124999995 0.2194843359375 0.42809366875 0.23385332499999997 0.4207179640625 0.265287209375 0.3941071546875 0.2663487203125 0.38194999531249996 0.2873119625 0.38140358124999996 0.344862971875 0.3916823625 0.3932208296875 0.4131442703125 0.446093825 0.47656547343750005 0.5520777515625 0.511118975 0.588383675 0.530821296875 0.62095413125 0.5424716421875 0.627667353125 0.5443405109375 0.636459690625 0.5729991578125 0.6510446578125 0.5766672109375001 0.6502649890625001
2 0.7527543546875 0.7391932156250001 0.7649115156249999 0.7182299734375001 0.7663527640625001 0.6949496796875 0.7856274671875 0.6954475062500001 0.8009854624999999 0.6715065109375 0.802068778125 0.63451793125 0.791968965625 0.593014215625 0.7788472828125 0.561342396875 0.7299494140625 0.49362454375000003 0.6629995281250001 0.4251489765625 0.63909225 0.37279575781249996 0.6224513953125 0.300518859375 0.618316125 0.2991004453125 0.6231973515625 0.3761743234375 0.6174418640625 0.3911820578125 0.6041713015625 0.40089498749999997 0.603018303125 0.419519221875 0.5966166296875001 0.42547472812500003 0.60121911875 0.42909122968749996 0.607471909375 0.4645204703125 0.6166768859375 0.4717534703125 0.64305961875 0.5718257984374999 0.6822060999999999 0.6898616609375 0.718628471875 0.734959921875 0.7441955640625 0.7410124421875001 0.7527543546875 0.7391932156250001
0 0.9216511640625 0.22313761875 0.9246730328125 0.21330572343749998 0.9165117734375 0.1989586890625 0.8999706906249999 0.1932850265625 0.894503453125 0.20363670156250002 0.900974809375 0.216045540625 0.915537740625 0.2244370671875 0.9216511640625 0.22313761875
0 0.8839523125 0 0.8827327593750001 0.003967915625 0.891540203125 0.0273671765625 0.9075047859375 0.042352956250000004 0.9082602546875 0.0398949828125 0.9119283078124999 0.0391153140625 0.9058544828124999 0.010540215625 0.895044803125 0 0.8839523125 0
0 0.8299909781249999 0.4953339984375 0.8326549125 0.471793815625 0.8214416984374999 0.41903978750000004 0.8237080999999999 0.411665865625 0.8123460046875 0.40029658437500004 0.8078527984375 0.385169884375 0.7969579203125 0.3759986875 0.7984688546875 0.371082740625 0.77336898125 0.3672283046875 0.7732596984375 0.37873850625 0.8047216468749999 0.4065119828125 0.8115509390625 0.43262910625 0.8150701124999999 0.47323418593750005 0.8137381453125 0.485004278125 0.8010440828125001 0.48540508750000005 0.7957954093749999 0.4727363609375 0.7799005109375 0.4761149265625 0.7813021640625 0.4827091796875 0.8001793328125 0.4993732640625 0.81880785 0.49081886093750005 0.826322925 0.4961136671875 0.8299909781249999 0.4953339984375
0 0.8263023484375 0.3697613375 0.8363720750000001 0.3630261625 0.830944434375 0.3435032921875 0.821272240625 0.33407220625 0.8029319734374999 0.33797055 0.79642101875 0.355436259375 0.8045822781249999 0.3697832921875 0.8238569796874999 0.3702811171875 0.8263023484375 0.3697613375
0 0.8091973859375001 0.8604447640625 0.8108176015625 0.8440186140625 0.8006781921874999 0.8323894453125 0.7764430671875 0.814566834375 0.7665523078125001 0.8281561515625 0.7860756624999999 0.8538724656250001 0.8018612781250001 0.8620041015625001 0.8091973859375001 0.8604447640625
0 0.2731009875 0.262203246875 0.2759438890625 0.24551720625 0.26987006406249997 0.2169421078125 0.25937271875 0.191604653125 0.2555953828125 0.203894525 0.25857765312500003 0.22393717500000002 0.27065561875 0.2627230265625 0.2731009875 0.262203246875
0 0.2831025828125 0.51968293125 0.2887487875 0.5161853984375 0.27965309375 0.49744219687499996 0.26264479375 0.48957044843749997 0.24674989531249997 0.4929490140625 0.258758175 0.513370521875 0.2818798984375 0.5199428203124999 0.2831025828125 0.51968293125
0 0.373861528125 0.8564876828125 0.38886159062500003 0.8188384046875001 0.3836129171875 0.8061696749999999 0.377032278125 0.8052710390625 0.3586524125 0.8390439296875 0.37263884375 0.8567475734375 0.373861528125 0.8564876828125
0 0.0660396875 0.2740519609375 0.06877330625 0.268876121875 0.061188546875000006 0.24521697343749999 0.0389315734375 0.22467649843749998 0.032062684375 0.2284339203125 0.033931553125 0.2372262578125 0.061148948437499996 0.27509151875 0.0660396875 0.2740519609375