2 0.6820590156249999 0.7337685281249999 0.6656857609375 0.7168135265625 0.646244278125 0.7164741734375 0.5698498125 0.7957085296875 0.5440779578125 0.8397098953125001 0.5380384593749999 0.867386484375 0.5376021484375 0.8923826765625 0.551101090625 0.9148439093749999 0.570494096875 0.917960615625 0.6034345203125 0.9407612000000001 0.6284791921874999 0.93842015625 0.65103738125 0.9193665046874999 0.6656028609375 0.8807259328124999 0.6670087484375 0.8001826453125 0.6811379171875 0.7865382671875001 0.6731936843749999 0.7641739921874999 0.6876137265625 0.7338654859375 0.6820590156249999 0.7337685281249999
2 0.6585656703125 0.6472342203125 0.5652991046875 0.5789294265625 0.4934757125 0.5554501375 0.45454426875 0.5575487859375 0.440366621875 0.5739705203125001 0.44275614374999994 0.5962378359375 0.420149475 0.6180688421875 0.42239356250000004 0.6486682234375001 0.436037940625 0.6627973921875 0.4746785125 0.6773628703125001 0.6162751234375 0.68261265 0.64419410625 0.6747653734375 0.658517190625 0.6500115765625 0.6585656703125 0.6472342203125
2 0.5370204015625 0.9257109328125 0.515043959375 0.911436328125 0.5097316453125 0.8974525968749999 0.5184030609375 0.8781565515624999 0.5222469515625 0.8171032265625 0.5100084609375 0.7224307703124999 0.49095480937499997 0.69987258125 0.47429068125 0.6995817078125001 0.468590534375 0.7078168140625001 0.44086546562500006 0.7045546703125 0.42668782031249997 0.720976403125 0.42332871875 0.7542561828125 0.4465796703125 0.8546772624999999 0.4600786125 0.8771384937500001 0.4536997609375 0.9242565656249999 0.4423479484375 0.9379494234375001 0.4900477671875 0.9110000171875001 0.50948925 0.9113393703125 0.5397492781250001 0.9285367671874999 0.5370204015625 0.9257109328125
2 0.6281320906250001 0.32165349375 0.6015220375 0.25451219375 0.5662890468749999 0.20388958281249997 0.5470899593749999 0.18966345625 0.56126760625 0.173241721875 0.5247741625 0.194830334375 0.46922706875 0.19386075625000002 0.5217544140625 0.208668628125 0.507673725 0.21953565312499998 0.5212211453125 0.23921953125 0.5252730078125001 0.325414484375 0.535849159375 0.356159303125 0.554951290625 0.3759401375 0.5853567546875 0.38480546875 0.6132757390625 0.37695819375 0.6246275515625 0.3632653359375 0.627889696875 0.33554026718749996 0.6281320906250001 0.32165349375
0 0.305259875 0.6744056578125 0.29429589218749996 0.6658796765624999 0.2803121609375 0.6711919921875 0.28289559999999997 0.6823498890625 0.3051629171875 0.6799603656250001 0.305259875 0.6744056578125
0 0.3221663984375 0.66080975625 0.3112508953125 0.649506421875 0.29444132968750003 0.6575476124999999 0.3053568328125 0.668850946875 0.32211791875 0.6635871125 0.3221663984375 0.66080975625
0 0.3308862921875 0.63873635625 0.3143676015625 0.6301134171875 0.308570496875 0.6439032328125001 0.33074085625 0.6470684203125 0.3308862921875 0.63873635625
0 0.3614856734375 0.63649226875 0.35047321249999996 0.63074364375 0.3419472328125 0.641707625 0.361388715625 0.642046978125 0.3614856734375 0.63649226875
0 0.3947654515625 0.6398513718750001 0.38102411406250003 0.6312769109375 0.37244965625000004 0.6450182484375 0.3890168265625 0.6508638312499999 0.394716971875 0.642628725 0.3947654515625 0.6398513718750001
0 0.160498078125 0.6913262359375001 0.14397938593749998 0.6827032984375 0.1382307625 0.6937157593750001 0.1604495984375 0.6941035906249999 0.160498078125 0.6913262359375001
0 0.1265599609375 0.4073573515625 0.11803398125 0.418321334375 0.12631756562500002 0.421244125 0.1265599609375 0.4073573515625
0 0.1571108625 0.4078906203125 0.14887575625 0.40219047343750003 0.1348435453125 0.41028014375 0.14020433906250002 0.4214865203125 0.1569654265625 0.4162226828125 0.1571108625 0.4078906203125
0 0.1848359296875 0.4111527640625 0.17396890625 0.39707207499999997 0.1628110078125 0.3996555140625 0.1708521984375 0.416465078125 0.1847874515625 0.4139301171875 0.1848359296875 0.4111527640625
0 0.3158423328125 0.227300028125 0.30765570625 0.21882252656249998 0.293671975 0.22413484218750002 0.29898428906249996 0.23811857343749998 0.315745375 0.2328547375 0.3158423328125 0.227300028125
0 0.347605209375 0.15839942812500002 0.3253863703125 0.158011596875 0.30253730624999997 0.1937293765625 0.29444763749999997 0.179697165625 0.2860670953125 0.182329084375 0.2859216578125 0.19066114843749998 0.2997599515625 0.193680896875 0.2962069359375 0.23807009531249998 0.315745375 0.2328547375 0.31043306249999997 0.21887100468749998 0.3475082515625 0.1639541375 0.347605209375 0.15839942812500002
0 0.47560591875 0.146742684375 0.45065820468749995 0.14352901875 0.44203526875000004 0.1600477109375 0.4586024390625 0.16589329375 0.47541200312500004 0.1578521015625 0.47560591875 0.146742684375
0 0.4947221078125 0.3248812171875 0.48083533437500003 0.324638821875 0.4722608734375 0.338380159375 0.4944797125 0.33876799062499996 0.4947221078125 0.3248812171875
0 0.429970328125 0.3737585859375 0.41632594999999994 0.35962941875 0.40779997031250004 0.3705934 0.41588963906250004 0.38462561093750003 0.42992185000000005 0.3765359421875 0.429970328125 0.3737585859375
0 0.47484431406249994 0.34953805625 0.4611514546875 0.33818624375 0.45252851875 0.35470493593749997 0.46631833437500003 0.3605020390625 0.47479583437499995 0.3523154109375 0.47484431406249994 0.34953805625
0 0.5977610484375 0.1516531109375 0.5840197109374999 0.143078653125 0.5754452515625 0.1568199890625 0.5975671328125001 0.1627625296875 0.6004899234375001 0.1544789453125 0.5977610484375 0.1516531109375
0 0.0928157578125 0.11227904687500001 0.0735197125 0.10360763125000001 0.064945253125 0.11734896875 0.07313188125 0.12582646875 0.09267032187499999 0.1206111125 0.0928157578125 0.11227904687500001
0 0.16318478281249998 0.219078978125 0.14666609218749999 0.210456040625 0.13809163124999999 0.224197378125 0.1630393453125 0.22741104218750002 0.16318478281249998 0.219078978125
0 0.1679638296875 0.2636136109375 0.1544164078125 0.24392973437499998 0.1238170265625 0.24617382031249999 0.0990632296875 0.2318507375 0.062763703125 0.24232992968749997 0.0681729765625 0.2507589515625 0.10150123124999999 0.2513406984375 0.12898390625 0.268489615625 0.167866871875 0.26916832031250004 0.1679638296875 0.2636136109375
0 0.1571108625 0.4078906203125 0.12100525 0.40726039375 0.11788854374999999 0.42665339687500003 0.08967868749999999 0.45116480000000003 0.09231060468749999 0.45954534531249996 0.1089747328125 0.45983621875 0.1569654265625 0.4162226828125 0.1571108625 0.4078906203125
0 0.6409179078125 0.5441327453125 0.6271280906250001 0.538335640625 0.6046183796875 0.5546119390625 0.6211855500000001 0.5604575203125 0.640869428125 0.5469100984375 0.6409179078125 0.5441327453125
0 0.6018410249999999 0.554563459375 0.59087704375 0.5460374781249999 0.571047728125 0.567916965625 0.58483754375 0.57371406875 0.6016955890625 0.5628955234374999 0.6018410249999999 0.554563459375
0 0.4197131640625 0.643065034375 0.414352371875 0.6318586578125001 0.4031459953125 0.637219453125 0.4029520796875 0.648328871875 0.4196646859375 0.6458423890625 0.4197131640625 0.643065034375