2 0.23348767656249997 0.6294773796875 0.2534763625 0.6169870625 0.2578504109375 0.598040978125 0.19623081874999998 0.5068421671875 0.1585492578125 0.47248509062500005 0.1327331515625 0.46082328281249996 0.1083739 0.45519950624999994 0.0835969109375 0.4637335109375 0.0765162796875 0.48205473281250005 0.04736524375 0.509534821875 0.04444805 0.5345189375 0.058395221875 0.5605456531249999 0.093163071875 0.58282666875 0.17165399374999998 0.6009477249999999 0.1820625921875 0.6176049625 0.2055898515625 0.6144841249999999 0.23223794843749998 0.634890546875 0.23348767656249997 0.6294773796875
2 0.32301554375 0.6244889140625001 0.4092189234375 0.5474618109375 0.44711805781249997 0.4820895515625 0.453159571875 0.4435725203125 0.44004439062499995 0.42629041718750005 0.4177668578125 0.42399808749999995 0.401113103125 0.39734650781249997 0.37071581875000004 0.39317958750000004 0.35405858125 0.40358818437500005 0.3317775671875 0.43835603437500004 0.2972029171875 0.575766928125 0.299074028125 0.6047073562499999 0.32030895937500004 0.62386405 0.32301554375 0.6244889140625001
2 0.0758948984375 0.4477011375 0.094426728125 0.429172790625 0.10920937343749999 0.42688394374999994 0.12628086562500002 0.4393777421875 0.1852008390625 0.455831334375 0.2803489984375 0.4635437953125 0.306375715625 0.44959662187499994 0.31012490000000004 0.43335712187500003 0.303254878125 0.42606936093750003 0.3122101 0.399628390625 0.2990949203125 0.3823462890625 0.26724078125 0.3721413375 0.1641799984375 0.3740054828125 0.13940301093750002 0.3825394890625 0.09464081875 0.3665036328125 0.0836073578125 0.35255297812499997 0.10005050468750001 0.4048135390625 0.09567645625 0.4237596234375 0.07256345 0.44978285781249994 0.0758948984375 0.4477011375
2 0.647809046875 0.6624124203124999 0.719015690625 0.650343321875 0.7758574265625 0.6264052890625 0.7937643921875 0.610583525 0.8068795734374999 0.627865628125 0.7933501390625 0.5876811281250001 0.8058474203125 0.533549459375 0.780442084375 0.5818502265625 0.772740071875 0.5658178515625 0.750669665625 0.5749767218749999 0.6655158484375 0.5610191015625 0.6332439734374999 0.56497193125 0.6099238406249999 0.57954396875 0.5949305875 0.6074417953125 0.596801696875 0.636382221875 0.6078351578125 0.6503328765624999 0.6342761296874999 0.6592881 0.647809046875 0.6624124203124999
0 0.36989427343750003 0.2732544390625 0.38051348125 0.264302696875 0.378224634375 0.2495200515625 0.3667734359375 0.24972717812499998 0.3644811078125 0.2720047109375 0.36989427343750003 0.2732544390625
0 0.3796780078125 0.2926182609375 0.39300379687500003 0.2842913828125 0.38863323125 0.2661772890625 0.375307440625 0.27450416718750004 0.3769714234375 0.29199339687500003 0.3796780078125 0.2926182609375
0 0.3994560828125 0.305736921875 0.41132501875000005 0.2913720140625 0.399041828125 0.28283452656249997 0.3913363328125 0.30386233125 0.3994560828125 0.305736921875
0 0.3952891625 0.33613420625 0.4032017859375 0.3265576 0.39425004375 0.3159383921875 0.3898759953125 0.334884478125 0.3952891625 0.33613420625
0 0.385084209375 0.36798834375 0.39632828125 0.35633001875 0.38466995625 0.3450859484375 0.375507603125 0.36007572187500003 0.382377628125 0.3673634796875 0.385084209375 0.36798834375
0 0.3834411203125 0.1281380484375 0.3953100546875 0.1137731390625 0.3857334484375 0.1058605171875 0.3807345359375 0.127513184375 0.3834411203125 0.1281380484375
0 0.668260734375 0.1539820109375 0.6593089921875 0.1433628046875 0.654727815625 0.150857690625 0.668260734375 0.1539820109375
0 0.6613872296875 0.1837544296875 0.6686749890625 0.17688440625 0.6636795578125 0.161476896875 0.651603496875 0.16439060781249998 0.6532674796875 0.1818798375 0.6613872296875 0.1837544296875
0 0.65243200625 0.2101954 0.6684643796875 0.2024933859375 0.6682572515625 0.19104218906249998 0.650143159375 0.1954127546875 0.6497254234375001 0.20957053593750002 0.65243200625 0.2101954
0 0.8050293546875 0.3765641328125 0.8150236984375001 0.370318975 0.8127348515625 0.3555363296875 0.7979522046875 0.357825175 0.7996161890625 0.3753144046875 0.8050293546875 0.3765641328125
0 0.8658204390625001 0.421958153125 0.8708193515625 0.400305484375 0.840632678125 0.370529584375 0.8560401875 0.365534153125 0.855208196875 0.3567895390625 0.8470884468750001 0.3549149484375 0.8412575421874999 0.367823 0.79857706875 0.3551185921875 0.7996161890625 0.3753144046875 0.8143988343749999 0.373025559375 0.860407271875 0.42070842500000005 0.8658204390625001 0.421958153125
0 0.8506096109374999 0.5495853140625 0.858939971875 0.5258509265625 0.8445750625 0.5139819921875 0.835412709375 0.5289717656249999 0.8397832765625 0.5470858578125 0.8506096109374999 0.5495853140625
0 0.672389353125 0.531246684375 0.6755136734375 0.5177137671875001 0.6638553484374999 0.5064696953125 0.6588564359375 0.5281223640625 0.672389353125 0.531246684375
0 0.6380427234375 0.4577477109375 0.6546999609374999 0.4473391140625 0.64574821875 0.43671990781250003 0.630340709375 0.44171533749999997 0.6353361390625001 0.45712284687500004 0.6380427234375 0.4577477109375
0 0.65240415 0.5066768234375 0.6663548046875001 0.4956433609375 0.6519898953125 0.4837744265625 0.6434524078125 0.4960576171875 0.649697565625 0.5060519578125 0.65240415 0.5066768234375
0 0.820409009375 0.6680501249999999 0.8316530796875 0.6563918 0.8199947546875 0.645147728125 0.809582675 0.66555066875 0.8170775609375 0.67013184375 0.820409009375 0.6680501249999999
0 0.9639066843749999 0.1823254296875 0.9764004828124999 0.1652539375 0.96474215625 0.15400986562500002 0.9547478140625 0.16025502656249999 0.9557869328124999 0.1804508375 0.9639066843749999 0.1823254296875
0 0.8448100453125 0.22895176718750002 0.8566789781249999 0.214586859375 0.845020653125 0.2033427875 0.8366902953125 0.22707717500000002 0.8448100453125 0.22895176718750002
0 0.8002549812499999 0.2243671109375 0.8223253859374999 0.215208240625 0.8264923062499999 0.1848109578125 0.8456490000000001 0.1635760265625 0.8429458984375 0.125890984375 0.8335764203125 0.1294295609375 0.8260780515624999 0.16190856250000002 0.8035899093750001 0.18522521249999999 0.7948418140625 0.22311738281250001 0.8002549812499999 0.2243671109375
0 0.6613872296875 0.1837544296875 0.6695104625 0.14856884374999998 0.6511892421875001 0.14148821250000002 0.63307863125 0.10879860156250001 0.624334015625 0.1096305921875 0.62058483125 0.1258700921875 0.6532674796875 0.1818798375 0.6613872296875 0.1837544296875
0 0.42753318125 0.6286627984375001 0.43607066874999995 0.616379609375 0.42483007968750003 0.5909777578125001 0.41566772968750004 0.6059675296875 0.42482659843750004 0.6280379359375 0.42753318125 0.6286627984375001
0 0.42545494375 0.5882711734375 0.43607415156249996 0.57931943125 0.4187955296875 0.555374434375 0.41025804375 0.5676576234375 0.41733519374999994 0.58639658125 0.42545494375 0.5882711734375
0 0.3767538515625 0.39172273125 0.3888299125 0.388809021875 0.3859162015625 0.376732959375 0.3750898671875 0.37423350312500003 0.37404726718750003 0.3910978671875 0.3767538515625 0.39172273125