2 0.0638888890625 0.3638888890625 0.061111110937500004 0.3888888890625 0.08333333281250001 0.42222222187499997 0.0861111109375 0.44166666718750003 0.10833333281249999 0.45555555625000005 0.13333333281249998 0.45555555625000005 0.1611111109375 0.45 0.20555555625 0.425 0.28611111093749997 0.35 0.28611111093749997 0.33055555625 0.26944444375 0.3138888890625 0.26944444375 0.3083333328125 0.2388888890625 0.322222221875 0.2166666671875 0.3138888890625 0.20277777812500003 0.32777777812500003 0.12222222187500001 0.32777777812500003 0.08333333281250001 0.3416666671875 0.0638888890625 0.3638888890625
2 0.38055555625 0.577777778125 0.40277777812500004 0.5555555562500001 0.425 0.5583333328125 0.44166666718750003 0.54444444375 0.44444444375 0.50555555625 0.42222222187499997 0.43333333281249997 0.35555555625 0.33888888906250003 0.352777778125 0.33888888906250003 0.32777777812500003 0.352777778125 0.31944444375000003 0.38055555625 0.322222221875 0.522222221875 0.3361111109375 0.5611111109375 0.35 0.575 0.38055555625 0.577777778125
2 0.14444444375 0.547222221875 0.24444444375000002 0.5722222218749999 0.27777777812500004 0.5694444437499999 0.29444444375 0.5555555562500001 0.2916666671875 0.527777778125 0.3 0.522222221875 0.3 0.50555555625 0.27777777812500004 0.4861111109375 0.1833333328125 0.47222222187499996 0.12222222187500001 0.475 0.102777778125 0.48333333281249996 0.0888888890625 0.477777778125 0.075 0.45555555625000005 0.072222221875 0.45277777812500003 0.0888888890625 0.48333333281249996 0.0888888890625 0.502777778125 0.061111110937500004 0.55 0.075 0.5388888890625 0.12222222187500001 0.5333333328125 0.14444444375 0.547222221875
2 0.675 0.477777778125 0.7611111109375 0.48333333281249996 0.7805555562500001 0.497222221875 0.7916666671875 0.48333333281249996 0.8055555562500001 0.5361111109375 0.8055555562500001 0.48055555625 0.827777778125 0.44444444375 0.8111111109375001 0.4583333328125 0.797222221875 0.4388888890625 0.747222221875 0.40277777812500004 0.6805555562500001 0.375 0.6666666671875 0.375 0.6388888890625 0.377777778125 0.625 0.3888888890625 0.6166666671875001 0.4166666671875 0.625 0.447222221875 0.64444444375 0.46666666718750005 0.675 0.477777778125
0 0.3138888890625 0.7138888890625 0.325 0.7166666671875 0.33055555625 0.702777778125 0.322222221875 0.6916666671875 0.3166666671875 0.6916666671875 0.3138888890625 0.7138888890625
0 0.32777777812500003 0.6916666671875 0.33888888906250003 0.702777778125 0.34722222187499996 0.6861111109375 0.3361111109375 0.675 0.3333333328125 0.675 0.32777777812500003 0.6916666671875
0 0.36666666718749996 0.6833333328125 0.3583333328125 0.6666666671875 0.35 0.6666666671875 0.352777778125 0.6888888890625 0.36666666718749996 0.6833333328125
0 0.36666666718749996 0.647222221875 0.3611111109375 0.6361111109375 0.35555555625 0.6361111109375 0.35555555625 0.6555555562500001 0.36666666718749996 0.647222221875
0 0.34722222187499996 0.6083333328125 0.352777778125 0.625 0.36666666718749996 0.6166666671875001 0.3583333328125 0.602777778125 0.35555555625 0.602777778125 0.34722222187499996 0.6083333328125
0 0.3111111109375 0.852777778125 0.302777778125 0.8361111109375001 0.3 0.8361111109375001 0.3 0.8583333328125 0.3111111109375 0.852777778125
0 0.5722222218749999 0.875 0.575 0.8833333328125 0.5861111109375 0.875 0.5722222218749999 0.875
0 0.5722222218749999 0.8611111109375 0.5833333328125 0.8666666671875 0.5916666671875 0.852777778125 0.5861111109375 0.8444444437499999 0.577777778125 0.8444444437499999 0.5722222218749999 0.8611111109375
0 0.577777778125 0.83055555625 0.5944444437499999 0.8388888890624999 0.597222221875 0.827777778125 0.5833333328125 0.8166666671874999 0.58055555625 0.8166666671874999 0.577777778125 0.83055555625
0 0.7583333328124999 0.70555555625 0.772222221875 0.7111111109375 0.777777778125 0.6972222218749999 0.76944444375 0.6888888890625 0.7638888890625 0.6888888890625 0.7583333328124999 0.70555555625
0 0.8138888890624999 0.7194444437499999 0.8166666671874999 0.7111111109375 0.8027777781250001 0.702777778125 0.8388888890624999 0.6805555562500001 0.8388888890624999 0.6583333328125 0.8333333328125001 0.6583333328125 0.777777778125 0.6944444437499999 0.7638888890625 0.6888888890625 0.7583333328124999 0.7083333328125 0.8027777781250001 0.70555555625 0.8055555562500001 0.7194444437499999 0.8138888890624999 0.7194444437499999
0 0.8333333328125001 0.547222221875 0.8388888890624999 0.5638888890625 0.85555555625 0.5555555562500001 0.852777778125 0.5305555562500001 0.8416666671874999 0.5305555562500001 0.8333333328125001 0.547222221875
0 0.675 0.522222221875 0.675 0.5083333328124999 0.6611111109375 0.5083333328124999 0.6611111109375 0.5305555562500001 0.675 0.522222221875
0 0.6138888890625 0.5861111109375 0.627777778125 0.5944444437499999 0.6388888890625 0.5861111109375 0.625 0.5722222218749999 0.622222221875 0.5722222218749999 0.6138888890625 0.5861111109375
0 0.6388888890625 0.5361111109375 0.64444444375 0.55 0.6611111109375 0.5416666671875 0.65 0.527777778125 0.647222221875 0.527777778125 0.6388888890625 0.5361111109375
0 0.8388888890624999 0.40833333281249995 0.8444444437499999 0.43055555625 0.8583333328125 0.42222222187499997 0.85 0.40833333281249995 0.847222221875 0.40555555625000006 0.8388888890624999 0.40833333281249995
0 0.8666666671875 0.9333333328125001 0.875 0.9416666671874999 0.8888888890625 0.9333333328125001 0.88055555625 0.9138888890624999 0.872222221875 0.9138888890624999 0.8666666671875 0.9333333328125001
0 0.7833333328125 0.8583333328125 0.775 0.8416666671874999 0.7666666671875 0.8416666671874999 0.76944444375 0.8666666671875 0.7833333328125 0.8583333328125
0 0.747222221875 0.88055555625 0.75 0.85 0.73055555625 0.8361111109375001 0.725 0.8361111109375001 0.725 0.875 0.7416666671875001 0.902777778125 0.7416666671875001 0.9361111109375001 0.75 0.9416666671874999 0.7611111109375 0.9055555562500001 0.747222221875 0.88055555625
0 0.5861111109375 0.8444444437499999 0.577777778125 0.8444444437499999 0.5333333328125 0.8916666671875 0.5333333328125 0.9083333328125001 0.5416666671875 0.9111111109375001 0.5666666671875 0.8833333328125 0.5861111109375 0.88055555625 0.5861111109375 0.8444444437499999
0 0.44166666718750003 0.377777778125 0.447222221875 0.39444444375 0.46388888906250003 0.372222221875 0.4583333328125 0.3583333328125 0.45555555625000005 0.3583333328125 0.44166666718750003 0.377777778125
0 0.427777778125 0.4138888890625 0.43333333281249997 0.427777778125 0.45555555625000005 0.40833333281249995 0.447222221875 0.397222221875 0.4388888890625 0.397222221875 0.427777778125 0.4138888890625
0 0.35 0.5944444437499999 0.3611111109375 0.5944444437499999 0.36666666718749996 0.5833333328125 0.35555555625 0.577777778125 0.352777778125 0.577777778125 0.35 0.5944444437499999