0 0.2421875 0.3375 0.0125 0.015625
0 0.23984375 0.31640625 0.01328125 0.01171875
0 0.24453125 0.2984375 0.01328125 0.01171875
0 0.23203125 0.30234375 0.0125 0.0125
0 0.23984375 0.28359375 0.0140625 0.01875
0 0.253125 0.2578125 0.00859375 0.01953125
0 0.26015625 0.24609375 0.01640625 0.025
0 0.2671875 0.23359375 0.00703125 0.02265625
0 0.27734375 0.2296875 0.0171875 0.0265625
0 0.29140625 0.21796875 0.01484375 0.02734375
0 0.3046875 0.225 0.00625 0.01953125
0 0.31640625 0.21796875 0.00859375 0.01875
0 0.31875 0.234375 0.00625 0.021875
0 0.3265625 0.22265625 0.01328125 0.0171875
0 0.32734375 0.2375 0.009375 0.01328125
0 0.31953125 0.37265625 0.01015625 0.01953125
0 0.3296875 0.3765625 0.0109375 0.02578125
0 0.33359375 0.3546875 0.0125 0.02578125
0 0.346875 0.3671875 0.01484375 0.021875
0 0.34765625 0.3453125 0.0171875 0.025
0 0.359375 0.34140625 0.0140625 0.0203125
0 0.3484375 0.328125 0.0109375 0.015625
0 0.36328125 0.328125 0.01328125 0.0140625
0 0.3515625 0.303125 0.01328125 0.01875
0 0.36015625 0.3109375 0.015625 0.01796875
0 0.3625 0.26015625 0.0109375 0.015625
0 0.353125 0.22890625 0.0109375 0.01875
0 0.36484375 0.22421875 0.0125 0.0125
0 0.36171875 0.2125 0.01328125 0.0171875
0 0.36875 0.2046875 0.02109375 0.0203125
0 0.36953125 0.19375 0.015625 0.0140625
0 0.37421875 0.16328125 0.01171875 0.01796875
0 0.37421875 0.2734375 0.0109375 0.021875
0 0.37421875 0.2390625 0.0109375 0.01796875
0 0.40390625 0.30625 0.0109375 0.021875
0 0.425 0.2671875 0.009375 0.01875
0 0.43984375 0.1796875 0.009375 0.0171875
0 0.4671875 0.140625 0.01484375 0.0109375
0 0.471875 0.15625 0.0125 0.01484375
0 0.4734375 0.1953125 0.0140625 0.01328125
0 0.45546875 0.20078125 0.01171875 0.0125
0 0.35 0.53125 0.02265625 0.0203125
0 0.353125 0.5515625 0.015625 0.01953125
0 0.34921875 0.57109375 0.0171875 0.01171875
0 0.346875 0.5890625 0.01484375 0.015625
0 0.26953125 0.55390625 0.01796875 0.02578125
0 0.24140625 0.53671875 0.015625 0.02109375
0 0.23125 0.55 0.015625 0.0203125
0 0.22890625 0.56484375 0.015625 0.0140625
0 0.23104265468750002 0.6637168140624999 0.23222748750000002 0.672566371875 0.2440758296875 0.665486725 0.24289099531249997 0.65486725625 0.23696682500000002 0.65486725625 0.23104265468750002 0.6637168140624999
0 0.21445497656249998 0.6902654874999999 0.2061611375 0.6973451328125 0.20853080624999998 0.704424778125 0.22156398125 0.70088495625 0.22156398125 0.6920353984375 0.218009478125 0.6902654874999999 0.21445497656249998 0.6902654874999999
0 0.2168246453125 0.7150442484374999 0.2156398109375 0.7150442484374999 0.20853080624999998 0.7203539828125 0.20853080624999998 0.7345132750000001 0.21445497656249998 0.7345132750000001 0.22156398125 0.7238938046875 0.222748815625 0.7203539828125 0.2168246453125 0.7150442484374999
0 0.44786729843749995 0.504424778125 0.4431279625 0.504424778125 0.441943128125 0.511504425 0.4490521328125 0.52212389375 0.4620853078125 0.527433628125 0.46800947812500004 0.5203539828125 0.46682464531249995 0.5132743359374999 0.44786729843749995 0.504424778125
0 0.5203125 0.45546875 0.015625 0.0140625
0 0.521875 0.4671875 0.0140625 0.0125
0 0.52890625 0.475 0.01328125 0.0171875
0 0.54609375 0.44765625 0.0140625 0.01484375
0 0.53046875 0.4390625 0.01171875 0.01484375
0 0.54453125 0.4296875 0.01328125 0.0171875
0 0.5359375 0.41484375 0.0125 0.01171875
0 0.54765625 0.39765625 0.0125 0.0171875
0 0.54296875 0.38984375 0.01171875 0.0140625
0 0.5359375 0.38359375 0.01640625 0.01328125
0 0.53515625 0.3703125 0.01875 0.01171875
0 0.53125 0.35859375 0.01484375 0.01328125
0 0.5328125 0.3046875 0.01640625 0.01875
0 0.5421875 0.2984375 0.0140625 0.01640625
0 0.54609375 0.2875 0.009375 0.01484375
0 0.55625 0.29375 0.0140625 0.0125
0 0.55546875 0.2765625 0.0125 0.0203125
0 0.5375 0.2328125 0.0109375 0.01640625
0 0.54296875 0.22265625 0.01328125 0.01875
0 0.54921875 0.20625 0.009375 0.0203125
0 0.55625 0.2015625 0.0109375 0.0203125
0 0.56484375 0.196875 0.01015625 0.01796875
0 0.571875 0.3203125 0.0140625 0.01875
0 0.56015625 0.3359375 0.0109375 0.015625
0 0.5671875 0.3421875 0.01015625 0.0171875
0 0.5484375 0.32578125 0.01640625 0.01875
0 0.6171875 0.33359375 0.01171875 0.0171875
0 0.5984375 0.334375 0.00703125 0.01328125
0 0.60390625 0.3453125 0.009375 0.01640625
0 0.59375 0.34609375 0.009375 0.01875
0 0.6234375 0.3921875 0.0109375 0.0171875
0 0.5734375 0.18828125 0.01015625 0.0203125
0 0.171875 0.70625 0.00703125 0.021875
0 0.17890625 0.69375 0.0078125 0.02109375
0 0.1875 0.69453125 0.009375 0.02265625
0 0.19296875 0.67890625 0.01328125 0.02265625
0 0.2015625 0.6734375 0.0109375 0.01953125
0 0.20546875 0.65703125 0.0140625 0.01328125
0 0.203125 0.6453125 0.0140625 0.01484375
0 0.21328125 0.6390625 0.01640625 0.01328125
0 0.20546875 0.6265625 0.0171875 0.01484375
0 0.21171875 0.6140625 0.01328125 0.01484375
0 0.2234375 0.578125 0.01484375 0.0171875
0 0.2171875 0.59609375 0.0140625 0.01640625
0 0.20625 0.60078125 0.01484375 0.0109375
0 0.1859375 0.53984375 0.0109375 0.02421875
0 0.1921875 0.55625 0.01171875 0.0109375
0 0.196875 0.56328125 0.0125 0.01640625
0 0.253125 0.6890625 0.01328125 0.0203125
0 0.3125 0.6984375 0.0109375 0.0234375
0 0.3890625 0.62265625 0.0109375 0.01796875
0 0.3984375 0.63046875 0.01015625 0.02109375
0 0.3859375 0.64140625 0.0125 0.01796875
0 0.371875 0.646875 0.01328125 0.01796875
0 0.38046875 0.65703125 0.01015625 0.0140625
0 0.371875 0.66328125 0.0203125 0.01484375
0 0.40625 0.73515625 0.009375 0.01953125
0 0.41484375 0.7375 0.00859375 0.02421875
0 0.42421875 0.7390625 0.009375 0.0203125
0 0.403125 0.79375 0.0109375 0.0171875
0 0.3796875 0.78515625 0.015625 0.01796875
0 0.44453125 0.62578125 0.01171875 0.01796875
0 0.44765625 0.7265625 0.0109375 0.02109375
0 0.45703125 0.71171875 0.01171875 0.01953125
0 0.465625 0.671875 0.0109375 0.0171875
0 0.484375 0.65625 0.015625 0.01796875
0 0.47578125 0.6453125 0.0125 0.01640625
0 0.50546875 0.6296875 0.01640625 0.01875
0 0.49140625 0.67421875 0.01875 0.021875
0 0.48984375 0.6984375 0.01640625 0.01640625
0 0.48125 0.71875 0.015625 0.01328125
0 0.29296875 0.69140625 0.0109375 0.02109375
0 0.28984375 0.7203125 0.01328125 0.01796875
0 0.21171875 0.74140625 0.01328125 0.01640625
0 0.1875 0.7640625 0.00625 0.01796875
0 0.16328125 0.8015625 0.009375 0.02421875
0 0.2046875 0.93359375 0.0125 0.015625
0 0.2 0.96796875 0.01015625 0.02265625
0 0.1875 0.959375 0.01171875 0.02265625
0 0.17734375 0.98203125 0.009375 0.0171875
0 0.25234375 0.93984375 0.01328125 0.0171875
0 0.26484375 0.9578125 0.01328125 0.0265625
0 0.28828125 0.9359375 0.01484375 0.021875
0 0.27421875 0.9375 0.01640625 0.01171875
0 0.27734375 0.95078125 0.01328125 0.01640625
0 0.265625 0.9265625 0.01640625 0.01328125
0 0.27578125 0.91875 0.01640625 0.0171875
0 0.28203125 0.90390625 0.0109375 0.0171875
0 0.29453125 0.9125 0.015625 0.02109375
0 0.32265625 0.91484375 0.0109375 0.01953125
0 0.296875 0.8953125 0.01640625 0.0140625
0 0.30703125 0.83203125 0.0125 0.0109375
0 0.3375 0.83359375 0.01640625 0.01328125
0 0.30390625 0.87421875 0.01328125 0.028125
0 0.31328125 0.86640625 0.01015625 0.02734375
0 0.2890625 0.87890625 0.0109375 0.0140625
0 0.28125 0.884375 0.0140625 0.02109375
0 0.32421875 0.878125 0.00859375 0.02265625
0 0.5109375 0.646875 0.02109375 0.0140625
0 0.51640625 0.66015625 0.0171875 0.0140625
0 0.51171875 0.6734375 0.01484375 0.01171875
0 0.52578125 0.67421875 0.01796875 0.01796875
0 0.525 0.690625 0.01328125 0.01640625
0 0.534375 0.69140625 0.01015625 0.01796875
0 0.5359375 0.70703125 0.0109375 0.0140625
0 0.5171875 0.7203125 0.0140625 0.015625
0 0.51640625 0.7359375 0.02109375 0.0171875
0 0.4890625 0.73125 0.0140625 0.0171875
0 0.50625 0.79375 0.0234375 0.01484375
0 0.5859375 0.8359375 0.009375 0.0234375
0 0.5984375 0.8375 0.0109375 0.02109375
0 0.60859375 0.81640625 0.0125 0.01796875
0 0.615625 0.8046875 0.01015625 0.01953125
0 0.61640625 0.78125 0.01953125 0.02109375
0 0.61796875 0.7609375 0.0140625 0.02109375
0 0.63046875 0.7375 0.01328125 0.0171875
0 0.646875 0.71328125 0.0140625 0.02109375
0 0.6453125 0.68984375 0.0171875 0.01953125
0 0.6203125 0.63203125 0.0125 0.02109375
0 0.634375 0.6546875 0.01484375 0.0171875
0 0.596875 0.7046875 0.0109375 0.01875
0 0.57578125 0.71171875 0.009375 0.02421875
0 0.5640625 0.70546875 0.0109375 0.0203125
0 0.54609375 0.73046875 0.01640625 0.02578125
0 0.51328125 0.76796875 0.0171875 0.03203125
2 0.27843601875 0.41946902656249996 0.2831753546875 0.41415929218749997 0.29739336562499996 0.42831858437500003 0.3045023703125 0.42123893749999997 0.3139810421875 0.38938053125 0.3151658765625 0.3026548671875 0.30568720312500003 0.2867256640625 0.29739336562499996 0.2867256640625 0.2831753546875 0.3097345125 0.2736966828125 0.338053096875 0.263033175 0.394690265625 0.263033175 0.4070796453125 0.2677725125 0.41769911562499995 0.27843601875 0.41946902656249996
2 0.1374407578125 0.5911504421875 0.1445497625 0.5681415921874999 0.1445497625 0.5557522125000001 0.1220379140625 0.54513274375 0.11591587656249999 0.54513274375 0.08530805625 0.54513274375 0.073459715625 0.550442478125 0.0651658765625 0.5663716812499999 0.0675355453125 0.5911504421875 0.0781990515625 0.6 0.1374407578125 0.5911504421875
2 0.281990521875 0.794690265625 0.29146919375 0.7805309734375 0.29265402812499997 0.7699115046875 0.2879146921875 0.7592920359375 0.2748815171875 0.750442478125 0.25592417031250003 0.7469026546875 0.24960545 0.7469026546875 0.2156398109375 0.750442478125 0.1931279625 0.76637168125 0.1954976296875 0.81238938125 0.20853080624999998 0.8247787609375001 0.235781990625 0.8230088500000001 0.281990521875 0.794690265625
2 0.15995260625000002 0.9168141593750001 0.163507109375 0.9256637171875 0.1718009484375 0.9327433624999999 0.1812796203125 0.9327433624999999 0.20497630312499998 0.92212389375 0.25 0.8566371687500001 0.24763033124999997 0.8442477875 0.2405213265625 0.8407079640624999 0.23370853125000002 0.8407079640624999 0.2014218015625 0.8442477875 0.161137440625 0.8690265484375 0.15402843593749999 0.8814159296874999 0.15402843593749999 0.893805309375 0.161137440625 0.90088495625 0.15995260625000002 0.9168141593750001
2 0.367298578125 0.7628318578125 0.380331753125 0.7646017703125 0.39454976249999996 0.748672565625 0.42890995312499997 0.661946903125 0.42298578124999997 0.638938053125 0.4158767765625 0.638938053125 0.385071090625 0.6584070796875 0.349526065625 0.711504425 0.34597156406249996 0.7327433625 0.36137440781249996 0.7327433625 0.3590047390625 0.7522123890625 0.367298578125 0.7628318578125
2 0.5118483406250001 0.8566371687500001 0.516587678125 0.8477876109375 0.5236966828125 0.8796460171874999 0.5402843609375 0.8849557515625 0.54620853125 0.8778761062499999 0.561611375 0.8371681421874999 0.5699052124999999 0.794690265625 0.57227488125 0.7539823015625 0.5675355453125001 0.738053096875 0.55924170625 0.738053096875 0.5426540281250001 0.7469026546875 0.5343601890625 0.7592920359375 0.49763033125 0.8389380531249999 0.49407582968749997 0.851327434375 0.496445496875 0.8601769906250001 0.5118483406250001 0.8566371687500001
2 0.4218009484375 0.1911504421875 0.4348341234375 0.1575221234375 0.4372037921875 0.10265486718750001 0.42890995312499997 0.0690265484375 0.4194312796875 0.05663716875 0.4182464453125 0.05663716875 0.40165876718750004 0.058407079687499995 0.39336492968750003 0.06725663750000001 0.38862559218750004 0.088495575 0.38862559218750004 0.1132743359375 0.411137440625 0.182300884375 0.4218009484375 0.1911504421875
2 0.46682464531249995 0.2743362828125 0.4905213265625 0.26902654843749996 0.486966825 0.2743362828125 0.4893364921875 0.27787610625000003 0.5201421796875 0.27787610625000003 0.52843601875 0.2407079640625 0.52606635 0.226548671875 0.5035545031249999 0.20884955781249998 0.47867298593749996 0.20530973437500002 0.472748815625 0.20530973437500002 0.43957345937500003 0.21592920312500002 0.43246445468749994 0.24247787656250003 0.4348341234375 0.25663716875000003 0.45142180156249995 0.2743362828125 0.4620853078125 0.26902654843749996 0.46682464531249995 0.2743362828125
2 0.8281990515625001 0.7185840703124999 0.8969194312500001 0.6884955749999999 0.9052132703125 0.6707964609375 0.9040284359375 0.660176990625 0.8791469187500001 0.638938053125 0.8720379140625001 0.638938053125 0.8483412328125001 0.6407079640625 0.7997630328125 0.6584070796875 0.795023696875 0.6867256640625 0.8009478671875 0.711504425 0.8068720375 0.7185840703124999 0.8281990515625001 0.7185840703124999
2 0.9988151656250001 0.21592920312500002 0.9988151656250001 0.1699115046875 0.9893364921875 0.161061946875 0.9988151656250001 0.148672565625 0.9988151656250001 0.139823009375 0.9952606640624999 0.139823009375 0.944312796875 0.18761061875 0.9300947875000001 0.23185840781249997 0.9336492890624999 0.2407079640625 0.9431279625 0.2460176984375 0.954976303125 0.2353982296875 0.9988151656250001 0.21592920312500002
0 0.3328125 0.08203125 0.009375 0.01953125
0 0.346875 0.08203125 0.009375 0.01796875
0 0.3421875 0.10078125 0.01171875 0.0171875
0 0.353125 0.11328125 0.01328125 0.01875
0 0.36015625 0.12734375 0.01484375 0.02109375
0 0.4546875 0.1265625 0.009375 0.01953125
0 0.46796875 0.12734375 0.0125 0.01171875
0 0.4625 0.1109375 0.00859375 0.01796875
0 0.38359375 0.27265625 0.00859375 0.025
0 0.753125 0.75546875 0.01640625 0.02109375
0 0.7515625 0.884375 0.0171875 0.01796875
0 0.76171875 0.87265625 0.01875 0.01796875
0 0.76171875 0.85546875 0.01796875 0.01640625
0 0.76171875 0.83359375 0.01328125 0.01875
0 0.76171875 0.815625 0.01640625 0.01875
0 0.75703125 0.80078125 0.01484375 0.015625
0 0.74921875 0.778125 0.01484375 0.0203125
0 0.76953125 0.771875 0.015625 0.02109375
0 0.77890625 0.7890625 0.02421875 0.025
0 0.91640625 0.59375 0.00859375 0.0203125
0 0.90625 0.584375 0.01171875 0.025
0 0.8953125 0.59453125 0.01015625 0.03203125
0 0.8859375 0.59140625 0.00703125 0.02109375
0 0.87734375 0.5984375 0.01484375 0.03671875
0 0.86640625 0.6015625 0.009375 0.034375
0 0.8578125 0.6 0.01171875 0.0234375
0 0.853125 0.6125 0.01171875 0.025
0 0.84453125 0.6171875 0.0078125 0.01328125
0 0.8453125 0.63125 0.01640625 0.01796875
0 0.83203125 0.6359375 0.01328125 0.01640625
0 0.85625 0.7328125 0.01171875 0.02109375
0 0.86015625 0.75546875 0.0109375 0.025
0 0.75 0.203125 0.01484375 0.02265625
0 0.88125 0.434375 0.0125 0.01171875
0 0.87890625 0.4234375 0.0265625 0.01796875
0 0.8765625 0.4078125 0.01875 0.01796875
0 0.88359375 0.396875 0.01640625 0.015625
0 0.88203125 0.3796875 0.02109375 0.01796875
0 0.8875 0.3625 0.02109375 0.02109375
0 0.8921875 0.346875 0.0125 0.02109375
0 0.90078125 0.35078125 0.009375 0.0203125
0 0.9109375 0.34375 0.01640625 0.015625
0 0.91796875 0.33515625 0.01484375 0.015625
0 0.91796875 0.3125 0.01171875 0.02578125
0 0.928125 0.309375 0.00703125 0.015625
0 0.9375 0.31015625 0.01171875 0.0140625
0 0.9609375 0.3109375 0.0125 0.01640625
0 0.97421875 0.3046875 0.0125 0.0296875
0 0.98828125 0.29296875 0.01953125 0.02265625
0 0.90546875 0.115625 0.0140625 0.01640625
0 0.89765625 0.10390625 0.01640625 0.02109375
0 0.89296875 0.08828125 0.01796875 0.01796875
0 0.890625 0.0765625 0.0171875 0.0203125
0 0.8875 0.0671875 0.0140625 0.01796875
0 0.88984375 0.05 0.01484375 0.0140625
0 0.89765625 0.03359375 0.01640625 0.01328125
0 0.4609375 0.62421875 0.0125 0.0203125
0 0.3015625 0.96015625 0.01328125 0.01796875