2 0.1339648171875 0.3720588234375 0.1447902578125 0.38088235312499996 0.1772665765625 0.3764705875 0.19485791562500002 0.39117647031249997 0.2097428953125 0.3897058828125 0.228687415625 0.375 0.24357239531250002 0.34852941249999997 0.2503382953125 0.31617647031249996 0.24898511562499998 0.22352941249999997 0.24492557499999998 0.21617647031249998 0.24357239531250002 0.18823529375 0.23680649531250003 0.1735294125 0.231393775 0.13823529375000002 0.21921515625 0.12058823593750001 0.208389715625 0.12058823593750001 0.182679296875 0.15 0.148849796875 0.21617647031249998 0.1312584578125 0.257352940625 0.1177266578125 0.3102941171875 0.121786196875 0.34852941249999997 0.1339648171875 0.3720588234375
2 0.28146143437500004 0.3838235296875 0.2733423546875 0.394117646875 0.2733423546875 0.40735294062499994 0.2868741546875 0.42352941250000004 0.31799729375 0.43382352968750004 0.4181326109375 0.4352941171875 0.492557509375 0.41323529375 0.5047361296874999 0.4014705875 0.5087956703125001 0.4044117640625 0.512855209375 0.3602941171875 0.5115020296874999 0.3647058828125 0.5020297703125001 0.367647059375 0.48985114999999996 0.355882353125 0.49391069062500004 0.34852941249999997 0.4912043296875 0.3529411765625 0.4776725296875 0.3529411765625 0.4682002703125 0.344117646875 0.46549391093750003 0.35 0.41677943125 0.3235294125 0.3355886328125 0.2970588234375 0.3288227328125 0.2970588234375 0.30040595468750003 0.3014705875 0.2801082546875 0.32058823593749997 0.27875507499999996 0.35 0.28281461406249997 0.3602941171875 0.29905277343750003 0.3764705875 0.28146143437500004 0.3838235296875
2 0.533152909375 0.39852941249999996 0.53585926875 0.4279411765625 0.5439783484375 0.43823529375000003 0.5629228687500001 0.45 0.5642760484375 0.4647058828125 0.5696887687500001 0.47205882343749994 0.58998646875 0.4735294125 0.6156968875 0.4602941171875 0.672530446875 0.39852941249999996 0.7036535859375 0.3397058828125 0.7036535859375 0.3279411765625 0.70906630625 0.317647059375 0.70230040625 0.2985294125 0.6941813265625 0.294117646875 0.6928281468749999 0.292647059375 0.6711772671875 0.3 0.652232746875 0.31617647031249996 0.58998646875 0.344117646875 0.5520974296875 0.367647059375 0.539918809375 0.382352940625 0.533152909375 0.39852941249999996
2 0.738836265625 0.725 0.745602165625 0.7397058828125 0.745602165625 0.7514705875 0.7645466843750001 0.7647058828125 0.7767253046875 0.7661764703125 0.784844384375 0.7602941171875 0.79431664375 0.7411764703125 0.8105548031250001 0.7397058828125 0.824086603125 0.7279411765625 0.8294993234374999 0.7161764703125 0.8294993234374999 0.6897058828125 0.8227334234375 0.6661764703124999 0.80784844375 0.63823529375 0.768606225 0.5897058828125 0.7428958046874999 0.56323529375 0.71583220625 0.544117646875 0.7077131265625 0.525 0.6901217859375001 0.517647059375 0.684709065625 0.5088235296875 0.68200270625 0.5088235296875 0.6671177265625 0.5191176468750001 0.658998646875 0.530882353125 0.658998646875 0.5588235296875 0.672530446875 0.6132352937500001 0.6874154265625 0.65 0.738836265625 0.725
2 0.6021650875 0.669117646875 0.5872801078125 0.7044117640625001 0.5913396484375 0.7544117640625 0.5981055484375 0.7544117640625 0.6035182671875 0.7485294125 0.6102841671875 0.7308823531249999 0.6238159671875 0.71323529375 0.625169146875 0.68823529375 0.6359945875 0.6441176468750001 0.6495263875 0.6161764703125 0.6427604875 0.5735294125 0.631935046875 0.56176470625 0.6305818671875 0.5602941171875 0.6211096078125 0.575 0.6008119078124999 0.58823529375 0.5953991875 0.6058823531249999 0.6048714484375 0.6088235296875 0.6116373484375 0.630882353125 0.6021650875 0.669117646875
2 0.025710418750000002 0.857352940625 0.0541271984375 0.8294117640625001 0.0784844390625 0.7985294125 0.09742895781250001 0.7617647062499999 0.1123139375 0.7455882359375 0.1271989171875 0.71323529375 0.13531799687499999 0.707352940625 0.13531799687499999 0.68676470625 0.13937753749999998 0.680882353125 0.128552096875 0.6647058828125 0.12043301718749999 0.66323529375 0.1190798375 0.66176470625 0.0947225984375 0.667647059375 0.0838971578125 0.6764705875 0.0514208390625 0.68676470625 0.0054127203125 0.7161764703125 0.0054127203125 0.8647058828124999 0.025710418750000002 0.857352940625
2 0.096075778125 0.9044117640625 0.1109607578125 0.91176470625 0.1190798375 0.91176470625 0.121786196875 0.9044117640625 0.121786196875 0.9147058828124999 0.1339648171875 0.9455882359375 0.1434370765625 0.957352940625 0.15020297656249998 0.9588235296875001 0.1610284171875 0.957352940625 0.17861975624999998 0.9411764703125 0.1907983765625 0.8897058828125 0.1907983765625 0.8529411765624999 0.201623815625 0.8529411765624999 0.1840324765625 0.817647059375 0.1732070359375 0.7691176468750001 0.17185385625 0.7397058828125 0.16508795625 0.7220588234374999 0.1529093375 0.7102941171875 0.148849796875 0.7102941171875 0.142083896875 0.71176470625 0.121786196875 0.7588235296875 0.0987821375 0.794117646875 0.0784844390625 0.857352940625 0.0744248984375 0.9044117640625 0.096075778125 0.9044117640625
1 0.4113667125 0 0.3991880921875 0.007352940625 0.3761840328125 0.044117646875 0.368064953125 0.067647059375 0.37483085312500003 0.0838235296875 0.368064953125 0.1044117640625 0.3775372125 0.1014705875 0.3829499328125 0.1147058828125 0.3964817328125 0.1235294125 0.40324763125 0.1147058828125 0.43166441093749996 0.10588235312500001 0.45060893125 0.09117647031250001 0.46684709062499996 0.075 0.4857916109375 0.044117646875 0.48849797031250003 0.01176470625 0.4844384296875 0 0.47713125781250004 0 0.4113667125 0
1 0.506089309375 0.232352940625 0.51691475 0.232352940625 0.53585926875 0.242647059375 0.5507442484375 0.2397058828125 0.560216509375 0.230882353125 0.558863328125 0.2205882359375 0.5696887687500001 0.20147058750000002 0.5737483078125 0.180882353125 0.5710419484375 0.1485294125 0.5575101484375 0.1102941171875 0.560216509375 0.10294117656249999 0.5412719890625 0.0955882359375 0.539918809375 0.0955882359375 0.5047361296874999 0.1147058828125 0.48849797031250003 0.1647058828125 0.4844384296875 0.180882353125 0.4857916109375 0.207352940625 0.4979702296875 0.24705882343750002 0.506089309375 0.232352940625
1 0.8849797015625 0.3102941171875 0.8985115015625 0.307352940625 0.9120433015625 0.3294117640625 0.924221921875 0.3338235296875 0.9715832203125 0.3338235296875 0.9986468203125 0.30294117656249997 0.9986468203125 0.275 0.9526387015625 0.24558823593749998 0.949932340625 0.24558823593749998 0.9418132609375001 0.25 0.9133964812500001 0.25 0.897158321875 0.2588235296875 0.8809201625 0.2779411765625 0.8809201625 0.305882353125 0.8849797015625 0.3102941171875
1 0.8132611640625 0.44264705937500004 0.8322056828125 0.45 0.8592692828124999 0.4485294125 0.8755074421875 0.4352941171875 0.8917456015624999 0.430882353125 0.9161028421875 0.38088235312499996 0.9133964812500001 0.3705882359375 0.9174560218750001 0.357352940625 0.9012178625 0.3279411765625 0.864682003125 0.31176470625 0.8606224625 0.31176470625 0.8335588640625 0.332352940625 0.8159675234374999 0.3647058828125 0.805142084375 0.3720588234375 0.7997293640625001 0.4044117640625 0.8037889046875 0.4279411765625 0.8132611640625 0.44264705937500004
1 0.3098782140625 0.707352940625 0.31123139375000003 0.7235294125 0.32476319375 0.73676470625 0.32476319375 0.7470588234375 0.31799729375 0.7514705875 0.33152909375 0.7779411765625001 0.3924221921875 0.78676470625 0.433017590625 0.7720588234375 0.45060893125 0.7573529406249999 0.46278755 0.7235294125 0.4560216515625 0.707352940625 0.427604871875 0.6794117640625 0.3897158328125 0.675 0.3883626515625 0.6735294125 0.3761840328125 0.675 0.368064953125 0.682352940625 0.35588633281250004 0.6764705875 0.3518267921875 0.68676470625 0.3288227328125 0.692647059375 0.3098782140625 0.707352940625
1 0.8105548031250001 0.9397058828124999 0.82138024375 0.9720588234375 0.84167794375 0.9926470593750001 0.8497970234375 0.9985294124999999 0.883626521875 0.9985294124999999 0.9039242218749999 0.9779411765624999 0.9120433015625 0.96323529375 0.9133964812500001 0.93676470625 0.8890392421875 0.894117646875 0.8876860625 0.8838235296875 0.8755074421875 0.875 0.8728010828125001 0.8676470593750001 0.8619756421875 0.8676470593750001 0.8552097421875 0.8676470593750001 0.8443843031249999 0.8794117640625 0.8403247625000001 0.8764705875000001 0.8294993234374999 0.8808823531250001 0.8064952640625 0.9014705875000001 0.8119079843750001 0.9235294125 0.8105548031250001 0.9397058828124999