2 0.23425233906249998 0.24223049843750002 0.24938483281249998 0.2597267328125 0.272999459375 0.2570031578125 0.2939596859375 0.248986340625 0.32197919218750004 0.2224409234375 0.30974741250000004 0.2116348234375 0.2772943375 0.2130362125 0.2422418578125 0.2192169109375 0.2322818625 0.2310553765625 0.23425233906249998 0.24223049843750002
2 0.3011026609375 0.2894961625 0.321926578125 0.3002275578125 0.344309659375 0.2905195328125 0.3629981 0.2598581484375 0.370494996875 0.2340507796875 0.368524521875 0.2228756546875 0.35251679375 0.21993696406250002 0.33705668437499997 0.22986460625 0.307176703125 0.26538000156249997 0.2998711125 0.2825117109375 0.3011026609375 0.2894961625
2 0.3523780984375 0.1508259890625 0.36367964062499997 0.16611708125 0.3796873703125 0.169055771875 0.408008184375 0.15397979687500002 0.43244305 0.1266261296875 0.43238804999999997 0.116553578125 0.4242335296875 0.10934950937500001 0.392765690625 0.1163384609375 0.35919106875 0.1309005015625 0.3504076234375 0.1396508671875 0.3523780984375 0.1508259890625
2 0.39206023125 0.33683203281249996 0.40960081718749997 0.35822461875 0.426292475 0.35528142812499997 0.44057603749999996 0.3484418859375 0.4671726859375 0.3235876796875 0.4823314859375 0.30219059531250003 0.47584613124999997 0.2946922109375 0.46700768437500007 0.29337002343749996 0.4338706796875 0.3006532921875 0.4002960578125 0.315215334375 0.3903360640625 0.3270538 0.39206023125 0.33683203281249996
2 0.43518592187499994 0.366676165625 0.4450096078125 0.3735859140625 0.46479328593749997 0.368657196875 0.479433159375 0.38335965 0.49587850624999996 0.37901956875 0.5012136203125 0.3507127375 0.4940706453125 0.310202915625 0.48380934375000006 0.3105719390625 0.44676008125 0.34447083125 0.43444699375000007 0.36248549531249996 0.43518592187499994 0.366676165625
2 0.1382465921875 0.7128601546875 0.1480702765625 0.7197699015625 0.1635853875 0.7199148125 0.1974063203125 0.7067496625 0.22022701875 0.6897628640625 0.20824155000000003 0.6803536546875 0.2038629796875 0.665282178125 0.188101559375 0.663740378125 0.157181340625 0.6835956609375 0.136331115625 0.7117575828125 0.1382465921875 0.7128601546875
2 0.169226584375 0.878795796875 0.1847966953125 0.889013259375 0.20124204375 0.8846731796875 0.2237614328125 0.8562169390625 0.2272910734375 0.8469526390625 0.22365143125000003 0.8360718359374999 0.17437039062499998 0.8591646265625 0.16750241875 0.8690175640625 0.169226584375 0.878795796875
2 0.10343536874999999 1 0.1059106765625 0.9979842078125 0.1199742359375 0.9508544578125001 0.1110807890625 0.93945971875 0.0881500875 0.9363014140624999 0.075782 0.9442435281250001 0.07249866875 0.9549047171874999 0.079887953125 0.9968114296874999 0.080450184375 1 0.10343536874999999 1
2 0.21509037343749998 0.9729715953125 0.2464769046875 0.994803409375 0.2605691578125 0.9966395312499999 0.270091534375 0.9920798359375 0.262510940625 0.958848784375 0.2500328515625 0.9466457937499999 0.2311794109375 0.947089521875 0.2140501359375 0.9573114828125 0.21385882656250002 0.9659871421874999 0.21509037343749998 0.9729715953125
2 0.3055409015625 1 0.30872865312500003 0.9867073906250001 0.29843865625 0.93811054375 0.29077675625 0.933700259375 0.27550795625 0.9349522374999999 0.2695702203125 0.9403201859375001 0.2711580796875 0.9688466312499999 0.2723896265625 0.975831084375 0.28179483125 1 0.3055409015625 1
2 0.3180597203125 0.9908233578125 0.32238329062500004 0.9958222796875 0.33072911718750003 0.9943506859375001 0.349034940625 0.9810406265625 0.36684814375 0.9649367859375 0.3693925453125 0.950084925 0.3502927953125 0.9491317609375001 0.338061015625 0.9383256609374999 0.32637685625 0.94038589375 0.31696448125 0.9650906906250001 0.3173207921875 0.9866326875 0.3180597203125 0.9908233578125
2 0.4093975203125 0.9329487171874999 0.41922120625000003 0.9398584640625 0.4438210734375 0.9427224515624999 0.48820461875000004 0.940657721875 0.497234375 0.9333042453125 0.49830092031250006 0.9100710421875 0.484646284375 0.9009561500000001 0.46270082187500006 0.9033854078125 0.4169494203125 0.9172138984375 0.4081659734375 0.925964265625 0.4093975203125 0.9329487171874999
2 0.41525394843749996 0.9564015359375 0.43873226875000004 0.9724261750000001 0.45115535625 0.9745566125 0.4700087984375 0.9741128859374999 0.478053315625 0.9611718484375 0.4736747453125 0.9461003734375 0.419713825 0.9426522453124999 0.413776090625 0.9480201921875 0.41525394843749996 0.9564015359375
2 0.46521652968750005 0.8395676765625 0.48152556874999997 0.8539758093750001 0.5113792421875 0.8573537312499999 0.528317209375 0.85580743125 0.5371006546875 0.847057065625 0.5356227984374999 0.8386757234375001 0.5233910203125001 0.8278696234374999 0.4913205609375 0.8119196890625 0.47512152343749997 0.817656659375 0.4644776015625 0.8353770046875001 0.46521652968750005 0.8395676765625
2 0.35540551875 0.792675534375 0.3743689625 0.8123769109375001 0.40693203906250003 0.8311206265625 0.420531675 0.8301629640625 0.43593678281250003 0.8101627703125001 0.4301353578125 0.7967825046875 0.4093114390625 0.786051109375 0.368211225 0.7774546499999999 0.354173971875 0.7856910828125 0.35540551875 0.792675534375
2 0.27487186874999997 0.687329109375 0.315096846875 0.7104831109374999 0.33635838281249997 0.7139357359375 0.346127065625 0.7107729328125 0.3354544515625 0.679527409375 0.321744815625 0.6603399671875 0.310251965625 0.6537245375 0.29856780625 0.6557847703124999 0.2733940125 0.67894776875 0.27487186874999997 0.687329109375
2 0.3373149265625 0.6705574296875 0.3635026515625 0.7019478625 0.37951038125 0.7048865546874999 0.38613204218749997 0.6936367265625 0.3867609703125 0.6776822921875 0.3725037140625 0.6456285171875 0.3667572890625 0.642320803125 0.3405432578125 0.6498236875 0.33485183281249997 0.656588525 0.3360833796875 0.663572978125 0.3373149265625 0.6705574296875
2 0.4803179421875 0.7202388531249999 0.49192079375000003 0.7469993875000001 0.5121970921875 0.74486445 0.5263156515625 0.7078072515625 0.5237975578125 0.6837657953125 0.49512043125 0.6772997765625 0.48368258124999997 0.6807568984375 0.47848377500000006 0.6903155171875001 0.47933270468750006 0.7146512921875 0.4803179421875 0.7202388531249999
2 0.5611505171875 0.7491955328125 0.5926470484374999 0.791172453125 0.6084084671875 0.792714253125 0.629067384375 0.7732279921874999 0.6308728578125 0.7541854609375 0.6427483265625 0.7434495671875 0.647208203125 0.7297002765625 0.6294763078125001 0.7169833515625 0.5679084875 0.7191974921875001 0.56079420625 0.7276535390625 0.5604115890625 0.7450048625 0.5611505171875 0.7491955328125
2 0.47131210625 0.600839825 0.50554435 0.6192892203125 0.5320596921875 0.6232557796875 0.5523359890624999 0.6211208421875 0.5606268171875 0.6095766953124999 0.5617483640625001 0.5964160453125 0.5414170640625 0.5884784296875 0.5611457421875 0.573477159375 0.5536201515625 0.5503186609374999 0.5407044437499999 0.545394440625 0.52308255 0.5528226203125 0.4700805578125 0.5938553734375 0.47131210625 0.600839825
2 0.73303156875 0.1427596921875 0.7521313203125 0.1437128546875 0.784118084375 0.10062436875 0.7911773640625 0.08209576874999999 0.7815449890624999 0.06651035937500001 0.7633754734375 0.061072206250000004 0.7455072703125001 0.06710349531250001 0.734179421875 0.0907057234375 0.7308147828125 0.130187678125 0.73303156875 0.1427596921875
2 0.762392621875 0.14334383125 0.7860072515625001 0.1406202578125 0.811728665625 0.1303235921875 0.822236278125 0.13135145937499998 0.84004948125 0.11524761718750001 0.8425938828125 0.10039575625 0.8217149656249999 0.079591809375 0.8033541421875 0.0828293171875 0.761161075 0.1363593796875 0.762392621875 0.14334383125
2 0.7630789375 0.2253211375 0.772410003125 0.22943710468749998 0.7821786875 0.22627429999999998 0.8347430593749999 0.19252031875 0.83580960625 0.169287115625 0.8178314015625 0.1551733015625 0.7978014140624999 0.15870512812499998 0.7715060734375 0.195028778125 0.7620937 0.2197335765625 0.7630789375 0.2253211375
2 0.8318710406250001 0.2347960546875 0.8486176984375 0.2419254171875 0.893192553125 0.2311850265625 0.91866765625 0.2194914703125 0.9212120593750001 0.20463960937499998 0.8972961203125 0.1958937421875 0.8390666296875 0.19751924375000002 0.8286140171874999 0.20656392812500002 0.830146875 0.2250178234375 0.8318710406250001 0.2347960546875
2 0.8563561343750001 0.041796565625 0.8788492171875 0.0522336421875 0.9258321640625 0.0453896015625 0.9218912125 0.02303935625 0.8757284999999999 0.0052533015625 0.8595294640625 0.010990271875 0.8612536296875 0.0207685046875 0.8546319671875 0.0320183328125 0.8563561343750001 0.041796565625
2 0.9304139765624999 0.49108134999999997 0.9388148046874999 0.4996823078125 0.954329915625 0.49982721718749995 0.9640986 0.49666441250000004 0.968120859375 0.49019389531249996 0.9762466859375 0.44843209218749996 0.9730446625000001 0.430272515625 0.9668056187499999 0.4241710203125 0.9551214578125 0.426231253125 0.948007178125 0.43468730000000005 0.93265706875 0.46476004531250004 0.929182428125 0.48409689843750003 0.9304139765624999 0.49108134999999997
2 0.90948483125 0.6359232234375 0.92231923125 0.6696682078125 0.9409813640625 0.6779001421874999 0.9507500484375001 0.6747373375 0.9629531328125 0.63657756875 0.9616665859375001 0.619520565625 0.9482582609374999 0.6118025640625 0.9301437484375 0.6164369625 0.9208126812499999 0.6123209968750001 0.912466853125 0.6137925921875 0.9075143562499999 0.6247480999999999 0.90948483125 0.6359232234375
2 1 0.646359865625 0.9973216859375 0.636278753125 0.9891671671875001 0.629074684375 0.97748300625 0.6311349171875 0.97179158125 0.6378997562500001 0.960382425 0.690322746875 0.9613676625 0.695910309375 0.9781693203125 0.7131122234375 0.9979529984375001 0.7081835046875 1 0.6841632125 1 0.646359865625