2 0.8363275296875001 0.4835163984375 0.8433332765625 0.48176966875 0.86186945 0.451655871875 0.851527796875 0.42510038124999994 0.8646009578125 0.432766109375 0.8909142421875 0.41892198125 0.8762148703125 0.38981125 0.7663335296875 0.33708936875 0.7200248203124999 0.33042670625000004 0.6998624328124999 0.3390954984375 0.7023434921875 0.3639691109375 0.7674588515625 0.44606112343750004 0.8048851593749999 0.4767888828125 0.8363275296875001 0.4835163984375
1 1 0.7152538484375001 0.971269925 0.741211021875 0.957091471875 0.7738800625 0.9699976687499999 0.8107213718749999 0.994434296875 0.8191956140625001 1 0.8178079281249999 1 0.7152538484375001
1 0.8410592359375 0.7263335171875 0.8295288062499999 0.7547005859375 0.8476475718750001 0.7975257453125 0.8833641812499999 0.82139629375 0.890369928125 0.8196495640625001 0.9125759390624999 0.7594868203125 0.89881489375 0.719216903125 0.8700205453125 0.70818741875 0.8410592359375 0.7263335171875
1 0.7899753953124999 0.79005456875 0.7601592375 0.8047720609375 0.7738368 0.8596297703125 0.8288609499999999 0.8714029171875 0.8428724421875 0.8679094609375 0.8604702874999999 0.8489548484375 0.864994971875 0.8223345078125 0.8441446984375001 0.798399109375 0.7899753953124999 0.79005456875
1 0.9032761234375 0.8564908750000001 0.9207070046875 0.8667118468749999 0.9452271140624999 0.860598296875 0.9690593390625001 0.82188055625 0.9458114875 0.75848375625 0.9151404812499999 0.7697726406250001 0.8938727999999999 0.8187762 0.9032761234375 0.8564908750000001
1 0.6424373343750001 0.899674825 0.6643929 0.8832754546875 0.723524325 0.9413672203125 0.7445415609375 0.936127034375 0.7612845593750001 0.9137438140624999 0.7676859015625 0.8648051062500001 0.750505465625 0.8108207609375 0.6885590515625 0.7862065484375 0.6159370562500001 0.7933880140625 0.6044901078125 0.807167290625 0.6164579765625 0.8551677859375 0.6127046578125 0.8998045250000001 0.6405606734375 0.92199319375 0.6362864359375 0.9048501609375 0.654655646875 0.9039119453125 0.6424373343750001 0.899674825
1 0.584180784375 0.9943181875 0.6016951484375 0.9899513656250001 0.6542382375 0.976850903125 0.6544052015624999 0.9476753203125 0.6152692015625 0.9100903453125 0.5835763828125 0.9471262062499999 0.584180784375 0.9943181875
1 0.2662541921875 0.92791641875 0.248656346875 0.94687103125 0.25464028125 0.9708712796875 0.3157318484375 0.9920568843750001 0.32008956718750003 0.9946121265625001 0.3455480046875 0.9773393921875 0.344860121875 0.944735203125 0.3187138 0.929403746875 0.2662541921875 0.92791641875
1 0.0691149359375 0.6893709578125 0.043573015625 0.721231484375 0.05896027499999999 0.7829464078124999 0.079810546875 0.806881803125 0.097324909375 0.8025149828125 0.1105650359375 0.781005128125 0.109960634375 0.733813146875 0.10141215625 0.699527078125 0.0691149359375 0.6893709578125
1 0.158229484375 0.7035696484375 0.1346477046875 0.6985240140625 0.115340165625 0.7106214125 0.1132965421875 0.7621153656249999 0.12714106875 0.787797490625 0.1567902625 0.8022555828125 0.1602931359375 0.80138221875 0.17789098125 0.7824276046875001 0.17985112187500002 0.7455214453125001 0.158229484375 0.7035696484375
1 0.30322303125 0.73297009375 0.27032140937500004 0.67562199375 0.2205098265625 0.6698326953125 0.196844565625 0.6793748515625 0.1897553375 0.6957093703125 0.1974489671875 0.72656683125 0.217444390625 0.7470736234375 0.26546279687499996 0.7605934984375 0.28998290625 0.7544799484375 0.29792698125 0.7415740359375 0.30049152343749996 0.7518598562500001 0.30322303125 0.73297009375
1 0.283645015625 0.6395243453125 0.31081315 0.629108825 0.330204171875 0.6024236359375 0.3329356796875 0.583533871875 0.308582534375 0.5604718390625 0.260480646875 0.5615397546875001 0.22178208437500002 0.60032234375 0.22947571249999998 0.6311798046875 0.2669855015625 0.6473197734375 0.2704048921875 0.6610342015625 0.2739077640625 0.6601608375 0.283645015625 0.6395243453125
1 0.49978128125000004 0.46181621875 0.46646225 0.4774070734375 0.43468595 0.5290307265624999 0.45374304375 0.5606967015625 0.48791692343750004 0.548534453125 0.5009900843749999 0.55620018125 0.5220073203125 0.5509599953125 0.5450681796875 0.4942258578125 0.5303688046875 0.4651151234375 0.49978128125000004 0.46181621875
1 0.3789538875 0.3353468671875 0.342215465625 0.337223296875 0.326327315625 0.363035121875 0.33581412187500004 0.38616200625 0.35666439375 0.410097403125 0.40553764687499994 0.42704588593750004 0.40904051875 0.426172521875 0.42757669531250003 0.396058725 0.41552534375 0.362646021875 0.3789538875 0.3353468671875
1 0.7111624437499999 0.5037983265625 0.7333684546875 0.44363558125 0.7186690812500001 0.41452484843750004 0.7125181828125 0.4197001828125 0.6637284125 0.3881639078125 0.6207556109375 0.4098034640625 0.597778234375 0.451949809375 0.591376890625 0.5008885203125 0.6211095671875 0.5007588203125 0.6602455671875 0.53834379375 0.6637484406249999 0.5374704296874999 0.7111624437499999 0.5037983265625
1 0.734704165625 0.21023091875 0.7276149375000001 0.2265654375 0.748381728125 0.2650886265625 0.8181887375000001 0.291384715625 0.8357030984374999 0.28701789375 0.8578256281250001 0.241442940625 0.8500485187500001 0.225173271875 0.7951078500000001 0.1988123328125 0.734704165625 0.21023091875
1 0.5352073875000001 0.23083709687499998 0.4869385359375 0.26108059375 0.48233037031250003 0.3022887265625 0.5181304640625 0.31157148125 0.532141953125 0.30807802500000003 0.57246673125 0.290740440625 0.5927960828125001 0.252896065625 0.5859573015625 0.2254672109375 0.5352073875000001 0.23083709687499998
1 0.2858355734375 0.4095482890625 0.273784225 0.3761355859375 0.24413503125 0.36167749531250004 0.2213246171875 0.3746482578125 0.206291315625 0.403888690625 0.21748781718750002 0.4338727875 0.2112534375 0.45363591562499994 0.2556854875 0.48261694843749997 0.26269123437499997 0.48087021874999997 0.2802890796875 0.46191560468750004 0.2858355734375 0.4095482890625
1 0.1845027125 0.391112478125 0.1634854765625 0.3963526640625 0.134440684375 0.42908655468749995 0.1463250703125 0.491674840625 0.1558953578125 0.5002139328124999 0.1847731875 0.4966556265625 0.19528180625 0.4940355328125 0.2093767765625 0.47595428437500004 0.205352984375 0.41504787656250003 0.1845027125 0.391112478125
1 0.5553497484375 0.0728617828125 0.5490318875 0.1072127015625 0.56014490625 0.1517845890625 0.5827883546875 0.167989409375 0.607308465625 0.161875859375 0.62413494375 0.12490484843750001 0.60780935625 0.07434911093749999 0.5825178828124999 0.0624462625 0.5553497484375 0.0728617828125
1 0.51681815 0.0824687890625 0.45445432500000005 0.1307935359375 0.459416446875 0.180540759375 0.4855627703125 0.19587221562499998 0.510082878125 0.189758665625 0.538189340625 0.168183959375 0.548864921875 0.13638828281249998 0.53860675 0.0952450015625 0.51681815 0.0824687890625
1 0.6986134828125 0 0.69041905 0.00276778125 0.663167434375 0.027771092187500002 0.65855926875 0.068979225 0.6847055906249999 0.0843106796875 0.7127285718749999 0.0773237671875 0.7451927546875 0.058304304687499996 0.7549300078125001 0.037667812499999995 0.7533872749999999 0.0016350156250000002 0.7505989140625 0 0.6986134828125 0
1 0.6759066687499999 0.0937879859375 0.6542015484375 0.06642398125 0.6535136640625 0.033819792187499996 0.6387308078125 0.0192968515625 0.608143284375 0.0159979453125 0.59310998125 0.045238378125 0.601741940625 0.0649366546875 0.613960253125 0.069173775 0.6216538828125 0.10003123750000001 0.653951103125 0.11018735625000001 0.66796259375 0.10669389843749999 0.6759066687499999 0.0937879859375
1 0.23777711093749998 0.09741536875 0.2745155328125 0.095538940625 0.278873253125 0.098094184375 0.32449408125 0.07215265625 0.31859362812500003 0.0335646171875 0.2108594234375 0.064067515625 0.21598850937499997 0.0846391578125 0.23777711093749998 0.09741536875
1 0 0.15692684375 0.0004366171875 0.1602327453125 0.017012653125 0.16702510937499998 0.0380298890625 0.1617849234375 0.062716959375 0.126495790625 0.047079257812500004 0.1085442421875 0 0.1270280078125 0 0.15692684375