2 0.8363275296875001 0.5164836015625001 0.8048851593749999 0.5232111171875 0.7674588515625 0.5539388765625 0.7023434921875 0.6360308890625 0.6998624328124999 0.6609045015625 0.7200248203124999 0.66957329375 0.7663335296875 0.66291063125 0.8762148703125 0.6101887500000001 0.8909142421875 0.58107801875 0.8646009578125 0.5672338906250001 0.851527796875 0.5748996187500001 0.86186945 0.548344128125 0.8433332765625 0.5182303312500001 0.8363275296875001 0.5164836015625001
1 1 0.182192071875 0.994434296875 0.18080438593749998 0.9699976687499999 0.18927862812500001 0.957091471875 0.22611993749999998 0.971269925 0.258788978125 1 0.2847461515625 1 0.182192071875
1 0.8833641812499999 0.17860370625 0.8476475718750001 0.20247425468750002 0.8295288062499999 0.2452994140625 0.8410592359375 0.2736664828125 0.8700205453125 0.29181258125 0.89881489375 0.28078309687499997 0.9125759390624999 0.24051317968750002 0.890369928125 0.1803504359375 0.8833641812499999 0.17860370625
1 0.8288609499999999 0.12859708281249999 0.7738368 0.1403702296875 0.7601592375 0.1952279390625 0.7899753953124999 0.20994543124999998 0.8441446984375001 0.20160089062500003 0.864994971875 0.1776654921875 0.8604702874999999 0.1510451515625 0.8428724421875 0.13209053906249998 0.8288609499999999 0.12859708281249999
1 0.9207070046875 0.133288153125 0.9032761234375 0.143509125 0.8938727999999999 0.1812238 0.9151404812499999 0.230227359375 0.9458114875 0.24151624374999997 0.9690593390625001 0.17811944375 0.9452271140624999 0.139401703125 0.9207070046875 0.133288153125
1 0.723524325 0.058632779687500004 0.6643929 0.11672454531250001 0.6424373343750001 0.100325175 0.654655646875 0.09608805468750001 0.6362864359375 0.09514983906249999 0.6405606734375 0.07800680625 0.6127046578125 0.10019547499999999 0.6164579765625 0.1448322140625 0.6044901078125 0.19283270937500002 0.6159370562500001 0.20661198593750002 0.6885590515625 0.21379345156250001 0.750505465625 0.1891792390625 0.7676859015625 0.13519489375 0.7612845593750001 0.0862561859375 0.7445415609375 0.063872965625 0.723524325 0.058632779687500004
1 0.6542382375 0.023149096875 0.6016951484375 0.010048634375 0.584180784375 0.005681812499999999 0.5835763828125 0.052873793749999995 0.6152692015625 0.08990965468749999 0.6544052015624999 0.0523246796875 0.6542382375 0.023149096875
1 0.3157318484375 0.007943115625 0.25464028125 0.029128720312500002 0.248656346875 0.053128968750000005 0.2662541921875 0.07208358125 0.3187138 0.070596253125 0.344860121875 0.055264796875 0.3455480046875 0.0226606078125 0.32008956718750003 0.0053878734375 0.3157318484375 0.007943115625
1 0.079810546875 0.193118196875 0.05896027499999999 0.2170535921875 0.043573015625 0.278768515625 0.0691149359375 0.3106290421875 0.10141215625 0.300472921875 0.109960634375 0.266186853125 0.1105650359375 0.21899487187500002 0.097324909375 0.1974850171875 0.079810546875 0.193118196875
1 0.1567902625 0.1977444171875 0.12714106875 0.21220250937500001 0.1132965421875 0.237884634375 0.115340165625 0.2893785875 0.1346477046875 0.30147598593749997 0.158229484375 0.2964303515625 0.17985112187500002 0.2544785546875 0.17789098125 0.2175723953125 0.1602931359375 0.19861778125000001 0.1567902625 0.1977444171875
1 0.29792698125 0.2584259640625 0.28998290625 0.2455200515625 0.26546279687499996 0.23940650156249998 0.217444390625 0.2529263765625 0.1974489671875 0.27343316875 0.1897553375 0.3042906296875 0.196844565625 0.3206251484375 0.2205098265625 0.3301673046875 0.27032140937500004 0.32437800625 0.30322303125 0.26702990625 0.30049152343749996 0.24814014375000001 0.29792698125 0.2584259640625
1 0.2704048921875 0.33896579843749997 0.2669855015625 0.35268022656250003 0.22947571249999998 0.3688201953125 0.22178208437500002 0.39967765625 0.260480646875 0.4384602453125 0.308582534375 0.4395281609375 0.3329356796875 0.416466128125 0.330204171875 0.39757636406249997 0.31081315 0.370891175 0.283645015625 0.3604756546875 0.2739077640625 0.3398391625 0.2704048921875 0.33896579843749997
1 0.5009900843749999 0.44379981874999996 0.48791692343750004 0.451465546875 0.45374304375 0.4393032984375 0.43468595 0.47096927343750006 0.46646225 0.5225929265625 0.49978128125000004 0.53818378125 0.5303688046875 0.5348848765625001 0.5450681796875 0.5057741421874999 0.5220073203125 0.4490400046875 0.5009900843749999 0.44379981874999996
1 0.40553764687499994 0.5729541140625 0.35666439375 0.589902596875 0.33581412187500004 0.61383799375 0.326327315625 0.6369648781249999 0.342215465625 0.662776703125 0.3789538875 0.6646531328124999 0.41552534375 0.6373539781249999 0.42757669531250003 0.603941275 0.40904051875 0.573827478125 0.40553764687499994 0.5729541140625
1 0.6602455671875 0.46165620625 0.6211095671875 0.49924117968750004 0.591376890625 0.4991114796875 0.597778234375 0.5480501906249999 0.6207556109375 0.5901965359375 0.6637284125 0.6118360921875 0.7125181828125 0.5802998171875 0.7186690812500001 0.5854751515625 0.7333684546875 0.55636441875 0.7111624437499999 0.4962016734375 0.6637484406249999 0.4625295703125 0.6602455671875 0.46165620625
1 0.8181887375000001 0.708615284375 0.748381728125 0.7349113734375 0.7276149375000001 0.7734345625 0.734704165625 0.78976908125 0.7951078500000001 0.8011876671874999 0.8500485187500001 0.7748267281250001 0.8578256281250001 0.758557059375 0.8357030984374999 0.7129821062499999 0.8181887375000001 0.708615284375
1 0.5181304640625 0.68842851875 0.48233037031250003 0.6977112734375 0.4869385359375 0.73891940625 0.5352073875000001 0.769162903125 0.5859573015625 0.7745327890625 0.5927960828125001 0.747103934375 0.57246673125 0.709259559375 0.532141953125 0.691921975 0.5181304640625 0.68842851875
1 0.2556854875 0.5173830515625 0.2112534375 0.5463640843750001 0.21748781718750002 0.5661272125 0.206291315625 0.596111309375 0.2213246171875 0.6253517421875 0.24413503125 0.6383225046875001 0.273784225 0.6238644140625 0.2858355734375 0.5904517109375 0.2802890796875 0.5380843953125 0.26269123437499997 0.51912978125 0.2556854875 0.5173830515625
1 0.1847731875 0.5033443734375 0.1558953578125 0.4997860671875 0.1463250703125 0.508325159375 0.134440684375 0.5709134453125 0.1634854765625 0.6036473359375 0.1845027125 0.6088875218750001 0.205352984375 0.5849521234374999 0.2093767765625 0.524045715625 0.19528180625 0.5059644671875 0.1847731875 0.5033443734375
1 0.5827883546875 0.8320105906249999 0.56014490625 0.8482154109375 0.5490318875 0.8927872984375 0.5553497484375 0.9271382171875 0.5825178828124999 0.9375537375 0.60780935625 0.9256508890624999 0.62413494375 0.8750951515625 0.607308465625 0.838124140625 0.5827883546875 0.8320105906249999
1 0.4855627703125 0.8041277843750001 0.459416446875 0.8194592406250001 0.45445432500000005 0.8692064640625 0.51681815 0.9175312109375 0.53860675 0.9047549984375 0.548864921875 0.8636117171875 0.538189340625 0.8318160406249999 0.510082878125 0.8102413343749999 0.4855627703125 0.8041277843750001
1 0.7505989140625 1 0.7533872749999999 0.998364984375 0.7549300078125001 0.9623321875 0.7451927546875 0.9416956953125 0.7127285718749999 0.9226762328125 0.6847055906249999 0.9156893203124999 0.65855926875 0.931020775 0.663167434375 0.9722289078124999 0.69041905 0.99723221875 0.6986134828125 1 0.7505989140625 1
1 0.653951103125 0.88981264375 0.6216538828125 0.8999687625 0.613960253125 0.930826225 0.601741940625 0.9350633453125001 0.59310998125 0.9547616218750001 0.608143284375 0.9840020546874999 0.6387308078125 0.9807031484375001 0.6535136640625 0.9661802078124999 0.6542015484375 0.93357601875 0.6759066687499999 0.9062120140625 0.66796259375 0.8933061015625 0.653951103125 0.88981264375
1 0.2745155328125 0.9044610593750001 0.23777711093749998 0.9025846312500001 0.21598850937499997 0.9153608421874999 0.2108594234375 0.9359324843750001 0.31859362812500003 0.9664353828125 0.32449408125 0.9278473437500001 0.278873253125 0.901905815625 0.2745155328125 0.9044610593750001
1 0 0.8729719921875001 0.047079257812500004 0.8914557578125001 0.062716959375 0.873504209375 0.0380298890625 0.8382150765624999 0.017012653125 0.832974890625 0.0004366171875 0.8397672546875 0 0.84307315625 0 0.8729719921875001