2 0.19003115312500002 0.6127167625000001 0.20404984375000002 0.6213872828125 0.21651090312500001 0.6156069359375 0.22741432968750003 0.589595375 0.224299065625 0.563583815625 0.2476635515625 0.55780346875 0.2570093453125 0.5346820812499999 0.25077881562500004 0.4855491328125 0.21962616875 0.4393063578125 0.1884735203125 0.41040462499999997 0.12772585625 0.37572254374999997 0.126168225 0.3728323703125 0.11993769531250001 0.3959537578125 0.13551401875 0.44508670468749995 0.1370716515625 0.47109826562499996 0.157320871875 0.5549132953125 0.174454828125 0.595375721875 0.19003115312500002 0.6127167625000001
2 0.46884735156249996 0.346820809375 0.478193146875 0.3670520234375 0.5015576328125 0.393063584375 0.537383178125 0.41618497187500003 0.5778816203125 0.42196531718749997 0.5872274140625 0.4306358375 0.605919003125 0.424855490625 0.6043613703124999 0.3901734109375 0.5825545171875001 0.3323699421875 0.5358255453125 0.254335259375 0.504672896875 0.23410404687500003 0.495327103125 0.23410404687500003 0.4859813078125 0.2485549140625 0.4859813078125 0.2687861265625 0.49376947031249996 0.2861271671875 0.47352025 0.2947976875 0.4657320875 0.317919075 0.46884735156249996 0.346820809375
2 0.470404984375 0.6560693640624999 0.479750778125 0.6676300578125 0.51713395625 0.6676300578125 0.5498442375 0.64739884375 0.580996884375 0.6156069359375 0.598130840625 0.6127167625000001 0.6074766359375 0.5982658953125 0.605919003125 0.5751445093750001 0.5996884734375 0.563583815625 0.563862928125 0.5317919078125 0.5186915890625 0.5144508671875 0.508827103125 0.5144508671875 0.4813084109375 0.5202312140625 0.46417445468749996 0.5491329484375 0.46261682187500003 0.5664739890625 0.47507788125 0.5867052015625001 0.46261682187500003 0.6213872828125 0.470404984375 0.6560693640624999
2 0.6682242984375 0.6387283234375001 0.69470405 0.6791907515625 0.7056074765625 0.71676300625 0.7227414328124999 0.7312138734375 0.7320872281249999 0.55780346875 0.7211838 0.5028901734375 0.699376946875 0.47109826562499996 0.6869158875 0.47109826562499996 0.6760124609375 0.49710982656249997 0.66978193125 0.48843930625 0.6495327109375 0.49710982656249997 0.6433021812499999 0.5202312140625 0.6448598125 0.5606936421875 0.6682242984375 0.6387283234375001
2 0.6806853578125 0.9306358375 0.7102803734375 0.96531791875 0.7258566984375 0.9739884390625001 0.7429906546875 0.96531791875 0.750778815625 0.9450867046875 0.750778815625 0.916184971875 0.7647975078125 0.8959537578125 0.763239875 0.881502890625 0.736760125 0.846820809375 0.66199376875 0.7976878609375 0.652647975 0.7976878609375 0.6292834890625 0.8063583812499999 0.6246105921875 0.817919075 0.626168225 0.8381502890625001 0.647975078125 0.86416185 0.657320871875 0.893063584375 0.6806853578125 0.9306358375
2 0.3146417453125 0.9364161843750001 0.3146417453125 0.9017341046875 0.327102803125 0.8872832374999999 0.3286604359375 0.86416185 0.3130841125 0.82947976875 0.27725856718749997 0.8034682078125 0.2180685359375 0.7919075140625 0.21183800625 0.7919075140625 0.2024922125 0.8063583812499999 0.2056074765625 0.823699421875 0.263239875 0.9277456640624999 0.29127725781249997 0.953757225 0.30529595 0.9508670515625001 0.3146417453125 0.9364161843750001
1 0.11526479687499999 0.42774566406250003 0.123052959375 0.3670520234375 0.10747663593750001 0.346820809375 0.09968847343750001 0.346820809375 0.0872274140625 0.3497109828125 0.06697819375 0.37572254374999997 0.056074765625 0.42196531718749997 0.05919003125 0.44219653125 0.07943925156250001 0.4508670515625 0.11526479687499999 0.42774566406250003
1 0.06542056093750001 0.528901734375 0.06542056093750001 0.48843930625 0.0482866046875 0.4768786125 0.038940809375 0.4768786125 0.02492211875 0.48843930625 0.012461059375 0.5173410406250001 0.01713395625 0.546242775 0.037383178125 0.55780346875 0.05140186875 0.552023121875 0.06542056093750001 0.528901734375
1 0.25389408125 0.3786127171875 0.2554517140625 0.3670520234375 0.249221184375 0.3497109828125 0.22741432968750003 0.32947976875 0.21339563906249998 0.32947976875 0.19003115312500002 0.3439306359375 0.182242990625 0.36127167656250003 0.1838006234375 0.393063584375 0.20404984375000002 0.41618497187500003 0.2305295953125 0.41618497187500003 0.25389408125 0.3786127171875
1 0.30218068593749997 0.277456646875 0.300623053125 0.2369942203125 0.283489096875 0.2138728328125 0.27881619999999996 0.2138728328125 0.2647975078125 0.2369942203125 0.258566978125 0.2803468203125 0.26168224375000004 0.3092485546875 0.2710280375 0.3323699421875 0.29127725781249997 0.317919075 0.30218068593749997 0.277456646875
1 0.2601246109375 0.2687861265625 0.2694704046875 0.222543353125 0.2647975078125 0.18497109843749998 0.2694704046875 0.141618496875 0.263239875 0.13005780312499998 0.25389408125 0.13005780312499998 0.2352024921875 0.1387283234375 0.2227414328125 0.1965317921875 0.22741432968750003 0.24566474062500002 0.241433021875 0.277456646875 0.249221184375 0.2803468203125 0.2601246109375 0.2687861265625
1 0.30841121562499996 0.1127167625 0.2975077875 0.1127167625 0.27725856718749997 0.1271676296875 0.2943925234375 0.18786127187499999 0.33021806875 0.18786127187499999 0.33644859843749997 0.17052023125 0.3286604359375 0.13583815 0.30841121562499996 0.1127167625
1 0.054517134375 0.42196531718749997 0.0607476640625 0.37572254374999997 0.0436137078125 0.3554913296875 0.029595015625 0.35260115625 0.0280373828125 0.35260115625 0.020249221875 0.37572254374999997 0.026479750000000003 0.42196531718749997 0.042056075 0.4566473984375 0.054517134375 0.46531791875 0.062305295312499995 0.45375722500000004 0.054517134375 0.42196531718749997
1 0.1978193140625 0.86416185 0.19937694687500002 0.8352601156249999 0.19470405 0.8208092484374999 0.1713395640625 0.8005780343750001 0.161214953125 0.8005780343750001 0.14018691562500002 0.8092485546875 0.12772585625 0.8381502890625001 0.1370716515625 0.8728323703124999 0.157320871875 0.8872832374999999 0.1853582546875 0.881502890625 0.1978193140625 0.86416185
1 0.0778816203125 0.96531791875 0.0919003109375 0.947976878125 0.09345794375000001 0.9277456640624999 0.0872274140625 0.893063584375 0.068535825 0.86416185 0.0607476640625 0.86416185 0.0529595015625 0.86416185 0.045171339062499996 0.8786127171875 0.045171339062499996 0.9132947984375 0.0482866046875 0.9306358375 0.062305295312499995 0.953757225 0.0778816203125 0.96531791875
1 0.1635514015625 0.9306358375 0.15420560781249998 0.9306358375 0.14330218125 0.947976878125 0.14018691562500002 0.9971098265625 0.20404984375000002 0.9971098265625 0.1838006234375 0.9797687859374999 0.1791277265625 0.9508670515625001 0.1635514015625 0.9306358375
1 0.46728972031250005 0.24277456718749998 0.47352025 0.23410404687500003 0.47196261718750004 0.20809248593750002 0.45794392500000003 0.1734104046875 0.44236760156250005 0.1618497109375 0.4335404984375 0.1618497109375 0.41588785 0.1618497109375 0.40809968906250005 0.17052023125 0.39875389375000003 0.1907514453125 0.39875389375000003 0.21676300624999997 0.4252336453125 0.24566474062500002 0.46728972031250005 0.24277456718749998
1 0.4236760125 0.4132947984375 0.43457943906249996 0.4132947984375 0.453271028125 0.3959537578125 0.46728972031250005 0.358381503125 0.46261682187500003 0.317919075 0.443925234375 0.289017340625 0.431464175 0.289017340625 0.40965732031249996 0.2947976875 0.39563862968749997 0.3092485546875 0.39875389375000003 0.3323699421875 0.40498442343749996 0.3410404625 0.40654205625 0.3959537578125 0.4236760125 0.4132947984375
1 0.4844236765625 0.6849710984375 0.45794392500000003 0.6213872828125 0.4548286609375 0.6213872828125 0.43925233593749996 0.64739884375 0.44236760156250005 0.6849710984375 0.46261682187500003 0.7254335265625 0.47663551406250004 0.7312138734375 0.4844236765625 0.7196531796875 0.4844236765625 0.6849710984375
1 0.36137071718749997 0.817919075 0.376947040625 0.8092485546875 0.3971962609375 0.754335259375 0.39563862968749997 0.7312138734375 0.3831775703125 0.7080924859375 0.36915887812500003 0.7080924859375 0.3551401875 0.734104046875 0.3457943921875 0.7369942203125001 0.33644859843749997 0.7774566468749999 0.3457943921875 0.7745664734375 0.352024921875 0.8063583812499999 0.36137071718749997 0.817919075
1 0.292834890625 0.5693641625 0.2975077875 0.5202312140625 0.2943925234375 0.4855491328125 0.28816199375 0.47109826562499996 0.2819314640625 0.459537571875 0.2694704046875 0.46820809218750004 0.258566978125 0.4913294796875 0.25389408125 0.5693641625 0.263239875 0.5867052015625001 0.28037383125000004 0.589595375 0.292834890625 0.5693641625
1 0.3146417453125 0.7745664734375 0.30607476562499997 0.7745664734375 0.2819314640625 0.7861271671875001 0.27881619999999996 0.8005780343750001 0.3193146421875 0.8323699421875 0.3286604359375 0.8092485546875 0.3286604359375 0.7919075140625 0.3146417453125 0.7745664734375
1 0.342679128125 0.9450867046875 0.35669781875 0.8959537578125 0.3489096578125 0.8554913296875 0.33644859843749997 0.8497109828125 0.3333333328125 0.8497109828125 0.3286604359375 0.8526011562500001 0.3286604359375 0.8872832374999999 0.3146417453125 0.9017341046875 0.3161993765625 0.9421965312499999 0.327102803125 0.953757225 0.342679128125 0.9450867046875
1 0.367601246875 0.982658959375 0.37383177500000003 0.9393063578125 0.36137071718749997 0.910404625 0.359813084375 0.910404625 0.3489096578125 0.9219653171875001 0.3411214953125 0.9508670515625001 0.3333333328125 0.953757225 0.3333333328125 0.9768786125 0.352024921875 0.9913294796875001 0.367601246875 0.982658959375
1 0.43302180625000003 0.812138728125 0.43769470468750005 0.745664740625 0.42834890937500003 0.7398843937499999 0.4252336453125 0.7398843937499999 0.411214953125 0.745664740625 0.3909657328125 0.7774566468749999 0.3894081 0.8005780343750001 0.39563862968749997 0.8208092484374999 0.41277258593750005 0.82947976875 0.43302180625000003 0.812138728125
1 0.4922118375 0.823699421875 0.4813084109375 0.7919075140625 0.46261682187500003 0.7947976875 0.443925234375 0.7774566468749999 0.44236760156250005 0.7745664734375 0.443925234375 0.7861271671875001 0.436137071875 0.8063583812499999 0.443925234375 0.8323699421875 0.4657320875 0.8526011562500001 0.49065420625 0.8323699421875 0.4922118375 0.823699421875
1 0.605919003125 0.8554913296875 0.6105919 0.8265895953125 0.6074766359375 0.7861271671875001 0.5950155765625 0.7774566468749999 0.5919003109375 0.7774566468749999 0.5732087234375001 0.78323699375 0.556074765625 0.82947976875 0.5529595015625001 0.8526011562500001 0.5654205609375 0.893063584375 0.5841121499999999 0.893063584375 0.605919003125 0.8554913296875
1 0.7445482859375 0.3843930640625 0.7445482859375 0.3410404625 0.736760125 0.30635838125000003 0.7149532703125 0.300578034375 0.7133956390625 0.300578034375 0.7024922124999999 0.346820809375 0.7024922124999999 0.3901734109375 0.7149532703125 0.42774566406250003 0.724299065625 0.42774566406250003 0.736760125 0.41040462499999997 0.7445482859375 0.3843930640625
1 0.6464174453125 0.176300578125 0.6495327109375 0.1502890171875 0.6417445484375001 0.1329479765625 0.615264796875 0.13005780312499998 0.6043613703124999 0.13005780312499998 0.5919003109375 0.141618496875 0.5794392515625 0.176300578125 0.580996884375 0.18497109843749998 0.59345794375 0.20809248593750002 0.623052959375 0.210982659375 0.6464174453125 0.176300578125
1 0.8940809968749999 0.1560693640625 0.8831775703125 0.1213872828125 0.8660436140625001 0.1127167625 0.86448598125 0.10982658906250001 0.8457943921875 0.13005780312499998 0.844236759375 0.1791907515625 0.859813084375 0.222543353125 0.8847352031250001 0.2312138734375 0.8940809968749999 0.18786127187499999 0.8940809968749999 0.1560693640625
1 0.844236759375 0.199421965625 0.8426791281250001 0.1618497109375 0.83021806875 0.15317919062500002 0.82242990625 0.15317919062500002 0.7975077875000001 0.1676300578125 0.7850467296875 0.1907514453125 0.783489096875 0.2196531796875 0.800623053125 0.24566474062500002 0.8317757015625 0.2254335265625 0.844236759375 0.199421965625
1 0.9267912765625 0.4566473984375 0.9376947046874999 0.447976878125 0.9470404984374999 0.4335260109375 0.9517133953125001 0.41040462499999997 0.93302180625 0.3786127171875 0.9231573203125001 0.3786127171875 0.903426790625 0.3786127171875 0.886292834375 0.39884393125 0.8800623046875 0.41618497187500003 0.8831775703125 0.4393063578125 0.9018691593750001 0.4566473984375 0.9267912765625 0.4566473984375
1 0.9922118375 0.1502890171875 0.9875389406249999 0.1271676296875 0.9688473515625 0.09826589531249999 0.9501557625 0.0867052015625 0.9439252343750001 0.0867052015625 0.9283489093749999 0.106936415625 0.9299065421874999 0.13005780312499998 0.9392523359375 0.1560693640625 0.9688473515625 0.18497109843749998 0.9890965734374999 0.1734104046875 0.9922118375 0.1502890171875
1 0.9595015578125 0.36994219687499996 0.9672897203125 0.346820809375 0.9688473515625 0.31502890156249996 0.962616821875 0.28323699375 0.95430996875 0.28323699375 0.9376947046874999 0.28323699375 0.9283489093749999 0.300578034375 0.9299065421874999 0.3554913296875 0.94080996875 0.3901734109375 0.9470404984374999 0.3901734109375 0.9595015578125 0.36994219687499996
1 0.9719626171875 0.1965317921875 0.9672897203125 0.1965317921875 0.94859813125 0.210982659375 0.9501557625 0.2716763 0.9641744546875 0.2745664734375 0.9813084109375 0.2572254328125 0.9875389406249999 0.2138728328125 0.9719626171875 0.1965317921875
1 0.903426790625 0.289017340625 0.9205607484374999 0.300578034375 0.931464175 0.2919075140625 0.9439252343750001 0.2630057796875 0.94859813125 0.2138728328125 0.9345794390625001 0.18497109843749998 0.9174454828125 0.1791907515625 0.9158878500000001 0.1791907515625 0.9096573203125 0.1965317921875 0.9127725859375 0.254335259375 0.9003115265625 0.25144508593750003 0.9003115265625 0.26011560624999996 0.9158878500000001 0.2861271671875 0.903426790625 0.289017340625
1 0.8255451718750001 0.47109826562499996 0.8348909656249999 0.37572254374999997 0.8177570093750001 0.3439306359375 0.8130841125 0.3439306359375 0.8021806859374999 0.358381503125 0.7819314640624999 0.36127167656250003 0.7694704046874999 0.38728323750000004 0.7725856703125 0.44219653125 0.8068535828125001 0.47976878593750005 0.8255451718750001 0.47109826562499996
1 0.9984423671875 0.58092485625 0.9953271031250001 0.5 0.9875389406249999 0.4913294796875 0.9766355140625 0.4913294796875 0.9595015578125 0.5231213875 0.9532710281250001 0.5549132953125 0.9548286609375 0.595375721875 0.9688473515625 0.618497109375 0.9844236765625001 0.6127167625000001 0.9984423671875 0.58092485625
1 0.9236760125 0.7052023125 0.93302180625 0.6502890171875 0.93302180625 0.63583815 0.919003115625 0.606936415625 0.9158878500000001 0.606936415625 0.903426790625 0.6213872828125 0.8909657328125 0.6618497109375 0.8940809968749999 0.7080924859375 0.903426790625 0.7225433531250001 0.91433021875 0.7196531796875 0.9236760125 0.7052023125
1 0.8925233640625001 0.6387283234375001 0.8878504671874999 0.6271676296875001 0.8831775703125 0.6271676296875001 0.859813084375 0.6445086703125 0.8520249218749999 0.67052023125 0.8566978187500001 0.69364161875 0.873831775 0.6965317921875 0.886292834375 0.682080925 0.8925233640625001 0.6387283234375001
1 0.8286604359374999 0.6676300578125 0.8255451718750001 0.6416184968749999 0.8177570093750001 0.6416184968749999 0.800623053125 0.64739884375 0.783489096875 0.67052023125 0.7741433015625 0.7023121390625 0.800623053125 0.7023121390625 0.82242990625 0.682080925 0.8286604359374999 0.6676300578125
1 0.8208722734375 0.78323699375 0.83021806875 0.754335259375 0.8208722734375 0.71676300625 0.8115264796874999 0.71676300625 0.78037383125 0.734104046875 0.7788162 0.7485549140625001 0.766355140625 0.765895953125 0.7679127718750001 0.78323699375 0.783489096875 0.8005780343750001 0.8208722734375 0.78323699375
1 0.7554517140625 0.916184971875 0.766355140625 0.9421965312499999 0.7788162 0.9393063578125 0.7975077875000001 0.8901734109375001 0.7943925234375 0.8352601156249999 0.78037383125 0.812138728125 0.7725856703125 0.812138728125 0.7570093453125 0.8265895953125 0.7523364484374999 0.8497109828125 0.75389408125 0.86416185 0.766355140625 0.8872832374999999 0.7647975078125 0.9017341046875 0.7554517140625 0.916184971875
1 0.8426791281250001 0.8381502890625001 0.83800623125 0.812138728125 0.82242990625 0.7919075140625 0.8161993765625001 0.7919075140625 0.8037383171875 0.8208092484374999 0.8021806859374999 0.8670520234374999 0.8099688468749999 0.9075144515625 0.83021806875 0.916184971875 0.8411214953125 0.8959537578125 0.8426791281250001 0.8381502890625001
1 0.9299065421874999 0.893063584375 0.9283489093749999 0.8699421968750001 0.8940809968749999 0.8208092484374999 0.8831775703125 0.8208092484374999 0.87227414375 0.8208092484374999 0.86448598125 0.8381502890625001 0.8769470406250001 0.8901734109375001 0.89875389375 0.9132947984375 0.9205607484374999 0.910404625 0.9299065421874999 0.893063584375
1 0.9517133953125001 0.8005780343750001 0.93302180625 0.7774566468749999 0.9205607484374999 0.7745664734375 0.919003115625 0.7716763 0.903426790625 0.789017340625 0.903426790625 0.8034682078125 0.9174454828125 0.8323699421875 0.9299065421874999 0.8439306359375 0.9517133953125001 0.8352601156249999 0.9517133953125001 0.8005780343750001
1 0.9719626171875 0.7138728328124999 0.962616821875 0.699421965625 0.957943925 0.699421965625 0.9423676015625 0.7225433531250001 0.9470404984374999 0.754335259375 0.9657320875 0.765895953125 0.9937694703125001 0.7485549140625001 0.9922118375 0.7023121390625 0.9719626171875 0.7138728328124999
1 0.9984423671875 0.64739884375 0.9937694703125001 0.6271676296875001 0.9875389406249999 0.62427745625 0.9813084109375 0.62427745625 0.957943925 0.664739884375 0.9595015578125 0.6907514453125 0.97352025 0.710982659375 0.9859813078125 0.7052023125 0.9968847359374999 0.687861271875 0.9984423671875 0.64739884375
1 0.6542056078125 0.682080925 0.6433021812499999 0.6589595375 0.6417445484375001 0.6560693640624999 0.6121495328125001 0.676300578125 0.6199376953125 0.7196531796875 0.6433021812499999 0.7312138734375 0.655763240625 0.71676300625 0.66199376875 0.6849710984375 0.6542056078125 0.682080925
1 0.657320871875 0.7283237 0.6339563859374999 0.734104046875 0.6199376953125 0.7254335265625 0.6183800625 0.7225433531250001 0.6074766359375 0.734104046875 0.605919003125 0.754335259375 0.6292834890625 0.8005780343750001 0.6728971968749999 0.7976878609375 0.6728971968749999 0.7601156062500001 0.657320871875 0.7283237
1 0.7943925234375 0.606936415625 0.79595015625 0.5722543359375 0.78816199375 0.5722543359375 0.7897196265625 0.583815028125 0.7850467296875 0.5867052015625001 0.7866043609375 0.5664739890625 0.7819314640624999 0.552023121875 0.750778815625 0.5375722546875 0.7476635515625001 0.5375722546875 0.7352024921875 0.5693641625 0.741433021875 0.5924855484375 0.741433021875 0.6213872828125 0.750778815625 0.653179190625 0.766355140625 0.6589595375 0.7943925234375 0.606936415625
1 0.457165109375 0.9595375718750001 0.4236760125 0.9739884390625001 0.4236760125 0.9971098265625 0.479750778125 0.9971098265625 0.479750778125 0.96531791875 0.46728972031250005 0.9595375718750001 0.457165109375 0.9595375718750001
1 0.8426791281250001 0.5346820812499999 0.8489096578125 0.5231213875 0.8489096578125 0.5086705203124999 0.8426791281250001 0.5 0.847352025 0.49421965312499994 0.8411214953125 0.5 0.8333333328125001 0.482658959375 0.8286604359374999 0.482658959375 0.8177570093750001 0.4855491328125 0.7943925234375 0.5144508671875 0.7866043609375 0.5317919078125 0.78816199375 0.5491329484375 0.8177570093750001 0.55780346875 0.8426791281250001 0.5346820812499999