2 0.29921875 0.44453125 0.21328125 0.44921875
2 0.52265625 0.33046875 0.20234375 0.41328125
1 0.154150196875 0.1216429703125 0.1686429515625 0.14691943125 0.18050065937499998 0.140600315625 0.20289855 0.161137440625 0.23583662656249998 0.15481832499999998 0.2635046109375 0.1390205375 0.281949934375 0.1137440765625 0.29249011875 0.0805687203125 0.2911725953125 0.0679304890625 0.277997365625 0.0584518171875 0.2279314890625 0.042654028125 0.2239789203125 0.042654028125 0.205533596875 0.0442338078125 0.18050065937499998 0.05687203749999999 0.16073781250000002 0.050552921875000004 0.1581027671875 0.09004739375000001 0.152832675 0.10268562343750001 0.154150196875 0.1216429703125
1 0.15678524375 0.278041075 0.1857707515625 0.28120063125 0.192358365625 0.28593996875 0.22266139687500003 0.2543443921875 0.24637681093750002 0.2638230640625 0.2635046109375 0.2496050546875 0.27536231875 0.21327014218749998 0.26745718125 0.19115323906249998 0.2239789203125 0.173775671875 0.184453228125 0.173775671875 0.167325428125 0.169036334375 0.1620553359375 0.169036334375 0.142292490625 0.17535545 0.135704875 0.18325434375 0.121212121875 0.22116903593749998 0.13175230625 0.2543443921875 0.1436100125 0.2701421796875 0.15678524375 0.278041075
1 0.1949934125 0.412322275 0.22002635 0.41706161093749994 0.2279314890625 0.4028436015625 0.23715415 0.330173775 0.23715415 0.3143759875 0.230566534375 0.30805687187499997 0.22924901250000002 0.2985781984375 0.230566534375 0.278041075 0.22529644218749997 0.266982621875 0.23320158124999998 0.2638230640625 0.22529644218749997 0.25750395 0.22266139687500003 0.25750395 0.19894598125000001 0.279620853125 0.18050065937499998 0.320695103125 0.1765480890625 0.3396524484375 0.18050065937499998 0.3823064765625 0.188405796875 0.4028436015625 0.1949934125 0.412322275
1 0.05533596875 0.6255924171875 0.0685111984375 0.6240126375 0.07509881406249999 0.6176935234375 0.090909090625 0.6192733015624999 0.09486165937499999 0.6066350703125 0.0922266140625 0.5908372828124999 0.0961791828125 0.5308056875 0.10013175156250001 0.524486571875 0.09749670625 0.516587678125 0.083003953125 0.5055292265625 0.08036890625000001 0.4897314375 0.0671936765625 0.467614534375 0.06192358437499999 0.467614534375 0.0408432140625 0.4865718796875 0.027667984375 0.5102685625000001 0.022397892187499997 0.532385465625 0.0250329375 0.59557661875 0.035573121875 0.614533965625 0.05533596875 0.6255924171875
1 0.612648221875 0.965244865625 0.6284584984375 0.973143759375 0.64031620625 0.9684044234375 0.6495388671875 0.9573459718749999 0.654808959375 0.938388625 0.6521739125 0.9336492890624999 0.6574440046875 0.9336492890624999 0.6521739125 0.9194312796874999 0.654808959375 0.8988941546874999 0.6429512515625 0.88941548125 0.644268775 0.879936809375 0.6561264828125 0.8704581359375 0.6574440046875 0.8815165875 0.661396575 0.87361769375 0.6640316203125 0.8767772515625 0.66534914375 0.8973143765625 0.6666666671875 0.8925750390625 0.661396575 0.8199052124999999 0.6495388671875 0.805687203125 0.6389986828125 0.802527646875 0.633728590625 0.802527646875 0.6073781296874999 0.8072669828124999 0.6007905140625 0.8135860984375001 0.5876152828125 0.8625592421875 0.591567853125 0.9178515015625001 0.603425559375 0.9526066343749999 0.612648221875 0.965244865625
1 0.7760210796875 0.993680884375 0.7786561265625 0.9557661921875 0.773386034375 0.9131121640625001 0.7641633734375 0.8878357031249999 0.74571805 0.879936809375 0.7384716734375 0.879936809375 0.7154150203125 0.8846761453124999 0.700922265625 0.9052132703125 0.6956521734375001 0.9715639812499999 0.7035573125 0.9984202218749999 0.773386034375 0.9984202218749999 0.7760210796875 0.993680884375
1 0.5968379453125 0.6540284359374999 0.64822134375 0.67772511875 0.6996047437499999 0.642969984375 0.7022397890625001 0.6066350703125 0.700922265625 0.5971563984375 0.6877470359375 0.586097946875 0.6693017125 0.586097946875 0.641633728125 0.5750394937500001 0.637681159375 0.5750394937500001 0.6258234515625001 0.581358609375 0.60606060625 0.57977883125 0.5942028984375 0.5845181671875 0.5797101453125 0.5987361765625 0.578392621875 0.6176935234375 0.5968379453125 0.6540284359374999
1 0.595520421875 0.43601895781250005 0.58893280625 0.43759873593750004 0.5836627140624999 0.4312796203125 0.574440053125 0.4312796203125 0.578392621875 0.434439178125 0.5731225296875 0.439178515625 0.591567853125 0.447077409375 0.6047430828125 0.447077409375 0.6218708828125 0.45813586093750003 0.616600790625 0.4660347546875 0.6245059281249999 0.4691943125 0.6245059281249999 0.48183254375000006 0.6350461140625 0.49763033125 0.6324110671875001 0.50236966875 0.641633728125 0.52290679375 0.654808959375 0.5308056875 0.662714096875 0.5292259078125 0.662714096875 0.5213270140625 0.6693017125 0.5181674562499999 0.6851119890625 0.5308056875 0.689064559375 0.52606635 0.689064559375 0.537124803125 0.7061923578125 0.52290679375 0.718050065625 0.4849921015625 0.7193675890625 0.4091627171875 0.718050065625 0.3965244859375 0.710144928125 0.3823064765625 0.6785243734375 0.3507109 0.67325428125 0.3507109 0.6561264828125 0.364928909375 0.64031620625 0.3870458140625 0.6284584984375 0.41706161093749994 0.6258234515625001 0.44549762968750006 0.6073781296874999 0.44391785156249997 0.595520421875 0.43601895781250005
1 0.777338603125 0.49131121718750004 0.8129117265625 0.4897314375 0.8511198953125 0.46287519687499995 0.8642951249999999 0.439178515625 0.8669301718750001 0.42022116875000004 0.8642951249999999 0.4075829390625 0.8432147562500001 0.3759873625 0.8234519109375 0.36334913125 0.798418971875 0.3617693515625 0.7694334656249999 0.3680884671875 0.7628458499999999 0.364928909375 0.7628458499999999 0.3601895734375 0.7509881421875 0.3601895734375 0.74967061875 0.3728278046875 0.7417654812500001 0.37756714062499996 0.722002634375 0.4075829390625 0.722002634375 0.45813586093750003 0.7364953890625 0.48025276406249995 0.777338603125 0.49131121718750004
1 0.845849803125 0.3522906796875 0.8656126484375 0.3807266984375 0.888010540625 0.39178514999999997 0.9064558625 0.390205371875 0.9433465078125 0.3807266984375 0.9670619234375 0.3601895734375 0.9881422921875 0.328593996875 0.985507246875 0.32385466093750004 0.9907773390625 0.3175355453125 0.989459815625 0.300157978125 0.9815546765625 0.278041075 0.9472990781249999 0.2638230640625 0.9459815546874999 0.2622432859375 0.9143610015625001 0.2638230640625 0.8866930171874999 0.271721959375 0.8629776015624999 0.28593996875 0.849802371875 0.3033175359375 0.8445322796875001 0.3175355453125 0.845849803125 0.3522906796875
1 0.7364953890625 0.2969984203125 0.7641633734375 0.266982621875 0.7707509875 0.2353870453125 0.7654808953125001 0.2148499203125 0.7378129125 0.18799368125 0.700922265625 0.181674565625 0.696969696875 0.1769352296875 0.6956521734375001 0.1769352296875 0.6574440046875 0.1990521328125 0.633728590625 0.2195892578125 0.627140975 0.28120063125 0.6600790515625 0.30805687187499997 0.70750988125 0.3112164296875 0.7364953890625 0.2969984203125
1 0.6192358359375 0.17535545 0.6350461140625 0.1579778828125 0.6495388671875 0.12638230625 0.6534914359374999 0.061611375 0.637681159375 0.026856240625 0.61396574375 0.020537125 0.610013175 0.020537125 0.57180500625 0.0394944703125 0.5533596843749999 0.0789889421875 0.5494071140625 0.132701421875 0.56389986875 0.145339653125 0.591567853125 0.15639810468749998 0.6192358359375 0.17535545
1 0.4835309625 0.17851500781250002 0.505928853125 0.1516587671875 0.5349143609375 0.1342812 0.5335968375 0.1090047390625 0.52964426875 0.091627171875 0.5151515156250001 0.07109004687500001 0.4861660078125 0.0458135859375 0.46245059218750006 0.0442338078125 0.45322793125 0.0442338078125 0.43873517812499996 0.05687203749999999 0.43610013125 0.06951026875 0.43610013125 0.10426540312499999 0.442687746875 0.14375987343750002 0.4505928859375 0.161137440625 0.4835309625 0.17851500781250002
1 0.7509881421875 0.09004739375000001 0.798418971875 0.0821484984375 0.8142292484375 0.0726698265625 0.8208168640625001 0.0600315953125 0.8234519109375 0.04107425 0.8115942031250001 0.018957345312500002 0.76679841875 0.0094786734375 0.7628458499999999 0.0031595578125000003 0.75889328125 0.0031595578125000003 0.7272727265625 0.020537125 0.7048748359375 0.022116903125 0.696969696875 0.034755134375 0.7048748359375 0.0663507109375 0.72463768125 0.0805687203125 0.7509881421875 0.09004739375000001
1 0.8353096171875001 0.5402843609375 0.8313570484374999 0.5402843609375 0.8274044796875 0.545023696875 0.8274044796875 0.55924170625 0.8405797093749999 0.5718799375 0.8445322796875001 0.5687203796875 0.8445322796875001 0.5560821484375 0.8353096171875001 0.5402843609375
1 0.7681159421875 0.6034755140625 0.8063241109374999 0.6161137437499999 0.845849803125 0.5892575046874999 0.8563899875000001 0.587677725 0.88537549375 0.5703001578125 0.898550725 0.5402843609375 0.8972332015625 0.5086887828125 0.8906455859375001 0.49763033125 0.874835309375 0.496050553125 0.8722002640625 0.496050553125 0.81818181875 0.5007898890625 0.790513834375 0.516587678125 0.7878787875000001 0.52606635 0.7786561265625 0.5308056875 0.7549407109375 0.5639810421875 0.7681159421875 0.6034755140625