1 0.154150196875 0.1216429703125 0.1686429515625 0.14691943125 0.18181818125 0.140600315625 0.20289855 0.161137440625 0.23583662656249998 0.15481832499999998 0.2635046109375 0.1390205375 0.281949934375 0.1137440765625 0.29249011875 0.0805687203125 0.2911725953125 0.0679304890625 0.25823451875000003 0.050552921875000004 0.22529644218749997 0.042654028125 0.2239789203125 0.042654028125 0.205533596875 0.0442338078125 0.18050065937499998 0.05687203749999999 0.1620553359375 0.048973143749999996 0.1581027671875 0.09004739375000001 0.152832675 0.10426540312499999 0.154150196875 0.1216429703125
1 0.1436100125 0.2701421796875 0.15678524375 0.278041075 0.1857707515625 0.28120063125 0.192358365625 0.28593996875 0.22266139687500003 0.2543443921875 0.24637681093750002 0.2638230640625 0.26218708749999997 0.251184834375 0.27536231875 0.21327014218749998 0.26877470312499996 0.1927330171875 0.2635046109375 0.18799368125 0.2239789203125 0.173775671875 0.18050065937499998 0.173775671875 0.16600790468749999 0.169036334375 0.1620553359375 0.169036334375 0.142292490625 0.17535545 0.12911725937500002 0.194312796875 0.12252964375 0.2148499203125 0.121212121875 0.22590837343749998 0.12911725937500002 0.2480252765625 0.1436100125 0.2701421796875
1 0.05533596875 0.6255924171875 0.0685111984375 0.6240126375 0.07509881406249999 0.6176935234375 0.090909090625 0.6192733015624999 0.09486165937499999 0.6066350703125 0.0922266140625 0.5908372828124999 0.0988142296875 0.5181674562499999 0.083003953125 0.5055292265625 0.08036890625000001 0.4897314375 0.0671936765625 0.467614534375 0.06192358437499999 0.467614534375 0.0408432140625 0.4865718796875 0.027667984375 0.5102685625000001 0.022397892187499997 0.532385465625 0.0250329375 0.59557661875 0.035573121875 0.614533965625 0.05533596875 0.6255924171875
1 0.1976284578125 0.413902053125 0.22002635 0.41706161093749994 0.2279314890625 0.4028436015625 0.23715415 0.3317535546875 0.23715415 0.30173775625 0.230566534375 0.30173775625 0.22924901250000002 0.2827804109375 0.2345191046875 0.28120063125 0.23583662656249998 0.295418640625 0.2384716734375 0.2906793046875 0.24637681093750002 0.2938388625 0.247694334375 0.28120063125 0.2555994734375 0.278041075 0.25032938125 0.266982621875 0.22529644218749997 0.25750395 0.2213438734375 0.25750395 0.2002635046875 0.27646129531249997 0.18050065937499998 0.320695103125 0.1765480890625 0.3396524484375 0.18050065937499998 0.3823064765625 0.188405796875 0.4028436015625 0.1976284578125 0.413902053125
1 0.5599472984375 0.4218009484375 0.52964426875 0.4218009484375 0.5625823453125001 0.434439178125 0.56389986875 0.4518167453125 0.57180500625 0.4518167453125 0.5704874828125 0.44549762968750006 0.578392621875 0.44391785156249997 0.578392621875 0.467614534375 0.5942028984375 0.4707740921875 0.592885375 0.4897314375 0.582345190625 0.49131121718750004 0.5797101453125 0.4849921015625 0.578392621875 0.4944707734375 0.5797101453125 0.49921011093749995 0.591567853125 0.49763033125 0.595520421875 0.503949446875 0.5876152828125 0.5150078984375 0.5797101453125 0.503949446875 0.5770750984374999 0.516587678125 0.591567853125 0.5197472359375 0.5981554671875 0.5118483406250001 0.6113306984375 0.516587678125 0.616600790625 0.5102685625000001 0.61396574375 0.50236966875 0.6231884062499999 0.49921011093749995 0.6245059281249999 0.5102685625000001 0.633728590625 0.5134281203125 0.644268775 0.5276461296875 0.6534914359374999 0.532385465625 0.6693017125 0.5308056875 0.6851119890625 0.5466034750000001 0.70750988125 0.5213270140625 0.7193675890625 0.475513428125 0.718050065625 0.3949447078125 0.7035573125 0.3728278046875 0.6785243734375 0.3507109 0.6772068515624999 0.349131121875 0.6666666671875 0.3538704578125 0.641633728125 0.38388625625 0.6284584984375 0.41548183281249995 0.6245059281249999 0.44391785156249997 0.616600790625 0.44549762968750006 0.5599472984375 0.4218009484375
1 0.75889328125 0.27646129531249997 0.76679841875 0.25750395 0.7707509875 0.2353870453125 0.7681159421875 0.222748815625 0.7470355734374999 0.1927330171875 0.696969696875 0.1769352296875 0.6930171281249999 0.1769352296875 0.633728590625 0.2195892578125 0.627140975 0.2827804109375 0.661396575 0.30805687187499997 0.7154150203125 0.30805687187499997 0.7364953890625 0.2969984203125 0.75889328125 0.27646129531249997
1 0.4835309625 0.17851500781250002 0.505928853125 0.1516587671875 0.5349143609375 0.1342812 0.5335968375 0.1090047390625 0.52964426875 0.091627171875 0.5151515156250001 0.07109004687500001 0.4861660078125 0.0458135859375 0.46245059218750006 0.0442338078125 0.45322793125 0.0442338078125 0.442687746875 0.052132701562499995 0.43610013125 0.06951026875 0.43610013125 0.10426540312499999 0.442687746875 0.14375987343750002 0.4519104078125 0.1627172203125 0.4835309625 0.17851500781250002
1 0.591567853125 0.15639810468749998 0.6179183140625 0.17535545 0.6350461140625 0.1579778828125 0.6495388671875 0.12638230625 0.6534914359374999 0.061611375 0.6469038203124999 0.0394944703125 0.6363636359375 0.025276460937500002 0.616600790625 0.020537125 0.6073781296874999 0.020537125 0.57180500625 0.0363349125 0.5665349140625 0.05687203749999999 0.5533596843749999 0.0789889421875 0.5494071140625 0.132701421875 0.561264821875 0.14375987343750002 0.591567853125 0.15639810468749998
1 0.8695652171875 0.38388625625 0.888010540625 0.39178514999999997 0.9393939390625 0.3823064765625 0.9631093546875 0.364928909375 0.989459815625 0.328593996875 0.9907773390625 0.2985781984375 0.9815546765625 0.278041075 0.9472990781249999 0.2638230640625 0.9459815546874999 0.2622432859375 0.891963109375 0.2701421796875 0.8629776015624999 0.28593996875 0.8445322796875001 0.3175355453125 0.845849803125 0.3522906796875 0.8511198953125 0.36334913125 0.8695652171875 0.38388625625
1 0.735177865625 0.47867298593749996 0.777338603125 0.49131121718750004 0.8129117265625 0.4897314375 0.8511198953125 0.46287519687499995 0.8682476937500001 0.4233807265625 0.8642951249999999 0.4075829390625 0.8432147562500001 0.3759873625 0.8234519109375 0.36334913125 0.798418971875 0.3617693515625 0.7694334656249999 0.3680884671875 0.760210803125 0.3586097953125 0.75889328125 0.35703001562500003 0.7509881421875 0.3586097953125 0.74967061875 0.371248025 0.7417654812500001 0.3759873625 0.722002634375 0.4075829390625 0.722002634375 0.45813586093750003 0.735177865625 0.47867298593749996
1 0.5968379453125 0.6540284359374999 0.64822134375 0.67772511875 0.6996047437499999 0.642969984375 0.7022397890625001 0.6066350703125 0.700922265625 0.5971563984375 0.6877470359375 0.586097946875 0.6693017125 0.586097946875 0.641633728125 0.5750394937500001 0.637681159375 0.5750394937500001 0.6258234515625001 0.581358609375 0.60606060625 0.57977883125 0.5942028984375 0.5845181671875 0.5797101453125 0.5987361765625 0.578392621875 0.6176935234375 0.5968379453125 0.6540284359374999
1 0.7747035578125 0.60821485 0.8063241109374999 0.6161137437499999 0.845849803125 0.5892575046874999 0.8866930171874999 0.5687203796875 0.898550725 0.5402843609375 0.8972332015625 0.5102685625000001 0.8932806328125 0.49921011093749995 0.8735177859375 0.496050553125 0.8722002640625 0.496050553125 0.81818181875 0.5007898890625 0.80105401875 0.5150078984375 0.7918313578125 0.516587678125 0.7549407109375 0.5639810421875 0.7681159421875 0.601895734375 0.7747035578125 0.60821485
1 0.627140975 0.9747235390625001 0.64031620625 0.9699842015625 0.658761528125 0.938388625 0.67325428125 0.9431279625 0.6745718046875 0.9336492890624999 0.6706192359375 0.9225908374999999 0.6640316203125 0.82464455 0.661396575 0.8151658765625 0.6455862984375 0.802527646875 0.6363636359375 0.802527646875 0.6086956515625 0.805687203125 0.6021080375000001 0.8104265406250001 0.5862977609375 0.86887835625 0.591567853125 0.9194312796874999 0.603425559375 0.9541864140625 0.627140975 0.9747235390625001
1 0.7760210796875 0.993680884375 0.7786561265625 0.9557661921875 0.773386034375 0.9131121640625001 0.7641633734375 0.8878357031249999 0.74571805 0.879936809375 0.7384716734375 0.879936809375 0.7154150203125 0.8846761453124999 0.700922265625 0.9052132703125 0.6956521734375001 0.9715639812499999 0.7035573125 0.9984202218749999 0.773386034375 0.9984202218749999 0.7760210796875 0.993680884375
1 0.895915678125 0.9763033171875 0.8761528328124999 0.9605055296874999 0.8629776015624999 0.9368088468750001 0.8563899875000001 0.9368088468750001 0.8432147562500001 0.9462875203125 0.8339920953125001 0.9620853078125 0.82608695625 0.9984202218749999 0.9064558625 0.9984202218749999 0.9038208171875001 0.9763033171875 0.895915678125 0.9763033171875
2 0.22924901250000002 0.5055292265625 0.226613965625 0.5624012640625 0.2279314890625 0.5687203796875 0.23320158124999998 0.5671406 0.230566534375 0.581358609375 0.2450592890625 0.59557661875 0.264822134375 0.5924170609375 0.27140975 0.609794628125 0.27667984218749997 0.60821485 0.299077734375 0.5418641390625 0.31752305625 0.52290679375 0.37681159375 0.41548183281249995 0.39393939375000003 0.37756714062499996 0.400527009375 0.34597156406249996 0.400527009375 0.3112164296875 0.389986825 0.278041075 0.375494071875 0.2638230640625 0.345191040625 0.26066350781250003 0.3188405796875 0.24170616093750003 0.306982871875 0.24170616093750003 0.2845849796875 0.251184834375 0.26877470312499996 0.266982621875 0.24901185781250001 0.2985781984375 0.23583662656249998 0.341232228125 0.22529644218749997 0.4075829390625 0.22924901250000002 0.5055292265625
2 0.4519104078125 0.413902053125 0.459815546875 0.43759873593750004 0.480895915625 0.43759873593750004 0.4861660078125 0.4423380734375 0.49143610000000004 0.439178515625 0.49011857656249996 0.4328594 0.49670619218749995 0.4328594 0.50461133125 0.439178515625 0.51251646875 0.4218009484375 0.5204216078125 0.41548183281249995 0.5217391296875 0.39968404375 0.58102766875 0.344391784375 0.6007905140625 0.31911532343750004 0.6258234515625001 0.271721959375 0.63109354375 0.23696682500000002 0.6192358359375 0.18799368125 0.591567853125 0.1627172203125 0.5480895921875 0.14375987343750002 0.5415019765625 0.14375987343750002 0.5177865609375 0.148499209375 0.4888010546875 0.18009478750000002 0.47035573125 0.21011058437500002 0.4584980234375 0.24486571875 0.4479578390625 0.341232228125 0.4519104078125 0.413902053125