2 0.41328125 0.12734375 0.05859375 0.1546875
2 0.48125 0.2484375 0.109375 0.075
2 0.29296875 0.35625 0.0640625 0.16953125
2 0.1078125 0.575 0.09296875 0.09453125
2 0.2421875 0.78125 0.1171875 0.0984375
2 0.2015625 0.8890625 0.12109375 0.10625
2 0.390625 0.703125 0.10546875 0.1578125
2 0.54140625 0.80703125 0.0984375 0.16484375
2 0.84921875 0.6796875 0.13046875 0.109375
2 0.9609375 0.19921875 0.078125 0.1078125
0 0.5625 0.19765625 0.01796875 0.02265625
0 0.26875 0.55390625 0.01171875 0.025
0 0.63515625 0.653125 0.0140625 0.01796875