2 0.8459283203125001 0.3680889234375 0.8236760796875 0.37440939218749997 0.8161645046875 0.396962546875 0.814572034375 0.419347015625 0.826788796875 0.455959890625 0.8417518234375001 0.44944098749999994 0.8541969953124999 0.4194362609375 0.8634091984375001 0.38505585 0.8568891796875 0.37102587656249997 0.8459283203125001 0.3680889234375
2 0.774838915625 0.4087005578125 0.7563124 0.423038153125 0.7556513609375 0.44742690312500005 0.775541934375 0.4773224421875 0.7957630296875 0.4950236046875 0.8067238906249999 0.49796055937499994 0.81615240625 0.48469457499999996 0.8136886328124999 0.4664873546875 0.794128578125 0.42439744062500007 0.781689453125 0.4105361546875 0.774838915625 0.4087005578125
2 0.8788468359375001 0.513776434375 0.8602121625000001 0.517556815625 0.8507836453125 0.5308228015625 0.8524782249999999 0.5628615578125 0.866942446875 0.5965672265624999 0.8760945234375 0.6007742234375 0.8860698749999999 0.5964282890625 0.8930346171875 0.5649550828125001 0.8940261765624999 0.5283719578125 0.8898076953125 0.5167133875000001 0.8788468359375001 0.513776434375
2 0.6934977171875001 0.471131109375 0.666696478125 0.47798738125 0.6623097140625 0.49435900625 0.6624719515625 0.5101948265625 0.67375728125 0.5448034171875 0.686743240625 0.5675847546874999 0.6962799140625 0.5648759812499999 0.7012135109375001 0.557424409375 0.70861693125 0.524314040625 0.7096084890625 0.4877309140625 0.7030884703125 0.47370094375000005 0.6934977171875001 0.471131109375
2 0.6482240421875 0.4976035828125 0.6378100140625 0.5035866796875 0.6339160046875 0.5235997484375 0.6144039796875 0.5306544546875 0.611387325 0.5473931984375 0.6347873109375 0.5641914375 0.6745204296875 0.57483789375 0.67852259375 0.5653820390625001 0.663457459375 0.5174777140625 0.6523343640625 0.498704940625 0.6482240421875 0.4976035828125
2 0.4599667796875 0.0821814796875 0.44955275468749994 0.088164578125 0.4428644515625 0.1021648015625 0.44050278593750003 0.1383808078125 0.44625360937499997 0.1662423171875 0.4598465265625 0.159356296875 0.47535638750000003 0.1617574453125 0.483414796875 0.148124340625 0.47848724843749996 0.1117099015625 0.461775565625 0.0809114375 0.4599667796875 0.0821814796875
2 0.2964853046875 0.04013145625 0.2806449265625 0.049924682812499996 0.27762827031250004 0.0666634265625 0.2939012765625 0.0990990515625 0.30080589375 0.10621325468750001 0.31220543125 0.10751304531250001 0.312103321875 0.05308981875 0.3060760578125 0.042701290625 0.2964853046875 0.04013145625
2 0.19175017187500001 0.0418977546875 0.15869930625 0.0611170875 0.151079571875 0.073113028125 0.151187728125 0.0836702421875 0.1845089859375 0.090843940625 0.200842121875 0.0846921578125 0.20840777500000002 0.06741760937499999 0.2063826765625 0.047573228125 0.19860070937500002 0.04373335 0.19175017187500001 0.0418977546875
2 0.164942884375 0.092620040625 0.13896491875 0.09092338125 0.1276735390625 0.10018080468749999 0.1264115875 0.11037089687499999 0.139728065625 0.12095785781249999 0.1881205078125 0.13216986718749998 0.19535564218749998 0.1270896953125 0.20067383749999998 0.11272235312500001 0.19831821875 0.10507234531250001 0.171793421875 0.0944556359375 0.164942884375 0.092620040625
2 0.13205425312500002 0.12767519375 0.125696471875 0.1294810421875 0.123503090625 0.137666853125 0.127829725 0.1598826375 0.1348965765625 0.18283265937499998 0.1472816234375 0.1914153390625 0.1562173875 0.1745079109375 0.1711804125 0.16798900781249998 0.174251146875 0.156528871875 0.1558388375 0.137557665625 0.1361645765625 0.1287765515625 0.13205425312500002 0.12767519375
2 0.14590546875 0.2349142328125 0.1354914421875 0.24089733125 0.122499434375 0.261982009375 0.10561342031250001 0.303079753125 0.1084617921875 0.31437120625000003 0.1290674828125 0.3251566 0.143099078125 0.3166334171875 0.150171978125 0.295717425 0.15697448593750002 0.24840840156250002 0.15275600625000002 0.2367498296875 0.14590546875 0.2349142328125
2 0.12217496406249999 0.23031036875000002 0.09772934062500001 0.2448166484375 0.090548284375 0.255175428125 0.0829826296875 0.27244997656250003 0.09131143281250001 0.28520990468749996 0.1068212921875 0.287611053125 0.1327512265625 0.24016309218749998 0.130395609375 0.23251308437499998 0.12217496406249999 0.23031036875000002
2 0.2069473 0.32496796875 0.1869966 0.3336598375 0.1713184546875 0.359288884375 0.165561584375 0.3752933890625 0.16978006406249999 0.38695195937500004 0.178000709375 0.3891546734375 0.1929637359375 0.3826357734375 0.220972846875 0.36031080000000004 0.22261939375 0.34320493750000003 0.21105762343749998 0.3260693265625 0.2069473 0.32496796875
2 0.29585415312499996 0.2452628703125 0.26998434375 0.254123425 0.2392350171875 0.275714159375 0.2343555 0.2884443390625 0.2459713515625 0.31085855625000003 0.260549778125 0.3112554234375 0.27907629375 0.296917828125 0.30423703281250003 0.2633014046875 0.302704690625 0.2470984671875 0.29585415312499996 0.2452628703125
2 0.425365428125 0.21679591875 0.387380965625 0.24346682656250002 0.37526631250000003 0.261277178125 0.3740043609375 0.271467271875 0.4068328640625 0.2749995265625 0.4300165359375 0.2706833390625 0.44086923906250003 0.26306308125 0.44393997343749997 0.2516029453125 0.4335860734375 0.21899863437499997 0.425365428125 0.21679591875
2 0.41417615625000004 0.28047656718749997 0.37465935156249996 0.29094453593749997 0.36523083437500004 0.3042105203125 0.37262820625000004 0.314966165625 0.3868220359375 0.322278803125 0.421898 0.3229038515625 0.42732435 0.31909372343750003 0.43160295625 0.2921648859375 0.42787723125 0.28414775937500003 0.42102669375 0.28231216406250004 0.41417615625000004 0.28047656718749997
2 0.30871380937500004 0.3890850359375 0.2795569515625 0.38829130156249997 0.2729227296875 0.40757013124999997 0.30054119375 0.43602694062499997 0.3233943453125 0.4439051296875 0.341374028125 0.42064748593749995 0.3430746546875 0.4088202296875 0.3366087140625 0.40006886562500005 0.3141942390625 0.39055351250000003 0.30871380937500004 0.3890850359375
2 0.2483088234375 0.45010660625 0.19695380468749998 0.4609119453125 0.1888953953125 0.47454504999999997 0.197825109375 0.5015036359375 0.21432047812500002 0.5111876718749999 0.2190317125 0.5264876859375 0.22960797500000002 0.5363404093749999 0.24862724531249997 0.525644259375 0.2726402390625 0.46890912656249994 0.2679830828125 0.45888771874999995 0.2524191453125 0.4512079640625 0.2483088234375 0.45010660625
2 0.420732109375 0.4313831859375 0.38954410625 0.45461108437500003 0.374743315625 0.47696580624999996 0.3681090921875 0.4962446359375 0.3750677875 0.50863744375 0.3865214015625 0.5152158421874999 0.40230770312499997 0.5001440078125 0.40756577031249996 0.5243640734375 0.43173495156249997 0.527330775 0.4416562234375 0.5177062343750001 0.442371340625 0.498596090625 0.427582646875 0.4332187828125 0.420732109375 0.4313831859375
2 0.7252862765625 0.8621746031249999 0.7163505140625 0.8790820328125 0.7418837546875 0.9262818671874999 0.7556929875 0.9405102718749999 0.7738889828125 0.9383670531250001 0.7864963921875 0.92419814375 0.7885816171875 0.9054551203125 0.7719780890625 0.88521386875 0.73761724375 0.865478675 0.7252862765625 0.8621746031249999
2 0.7123483484375 0.8885378875000001 0.7048367718749999 0.9110910421874999 0.70329838125 0.9387541171875 0.6979261078125 0.9478428546875 0.704992959375 0.9707928765625 0.7173780062499999 0.9793755546874999 0.745056596875 0.9692449562500001 0.7498820375 0.9512361703125001 0.7191988859375 0.8903734828125 0.7123483484375 0.8885378875000001
2 0.637761628125 0.8545147921874999 0.6300878156249999 0.861232128125 0.6288258671875 0.8714222218750001 0.6372027 0.9333267703124999 0.6578083890624999 0.9441121656250001 0.6781977671874999 0.933783134375 0.683461884375 0.9141371859375 0.66165436875 0.8749544765625 0.6432420578125 0.85598326875 0.637761628125 0.8545147921874999
2 0.59626798125 1 0.6077092734375 0.988593425 0.630844915625 0.93513261875 0.6270651125 0.9218368859374999 0.6096923890625 0.9154271734374999 0.6001016375 0.9128573390625 0.5865627984375 0.9250219671875 0.5774587515625 0.9699595890625 0.57729046875 0.9979897843750001 0.580191265625 1 0.59626798125 1
2 0.3261822359375 0.8938567234375 0.31483677656250003 0.8978355375 0.308148475 0.9118357609375 0.306886525 0.92202585625 0.311050925 0.92840581875 0.34546584999999996 0.9534196187499999 0.36327724843750003 0.9581921687499999 0.371443815625 0.955116278125 0.37451455 0.943656140625 0.36985739375 0.9336347343750001 0.3490894671875 0.90701351875 0.3330327734375 0.8956923187499999 0.3261822359375 0.8938567234375
2 0.20375595624999998 0.8136756546875 0.1677485625 0.8110463250000001 0.1524009375 0.8244809953125 0.1511389890625 0.8346710890625 0.1805662375 0.8618578546875 0.19656885156249998 0.8679004484374999 0.20923033750000003 0.859010146875 0.21268567031250002 0.8406342406249999 0.2203594828125 0.83391690625 0.2225528640625 0.82573109375 0.21471681562499997 0.816612609375 0.20375595624999998 0.8136756546875
2 0.1274625609375 0.8353458312500001 0.10477164531250001 0.8433034609375 0.1008776375 0.8633165296875 0.1466920984375 0.889630121875 0.166312278125 0.8931326281249999 0.1762876296875 0.88878669375 0.17935836562500002 0.8773265546875001 0.17563263906249998 0.869309428125 0.1329429921875 0.8368143078125 0.1274625609375 0.8353458312500001