1 1 0.6362616 0.9945849421874999 0.6258529234375 0.969755121875 0.5980972625 0.9571735625000001 0.5998763406250001 0.92753355625 0.61812928125 0.9074702421874999 0.6421416296875 0.8988352078125 0.6728095875 0.9006722390625 0.70629799375 0.9256991265625001 0.72178380625 0.9227550921875001 0.7360964078125 0.9507868484375 0.7440437359375001 0.9679669656250001 0.7411181078125 0.9804876890625 0.7325649125 1 0.725656528125 1 0.6362616
1 0.90193263125 0.7440037453125 0.8938279578125 0.7310880375 0.8833096140625001 0.688901265625 0.8599518109375 0.6539893046875 0.8540783031249999 0.65002230625 0.8325575296875 0.6485987515625 0.7989564421875001 0.670555015625 0.790518475 0.688953125 0.8054528671875 0.709670990625 0.78212678125 0.7467175546875 0.788319028125 0.7519629390625 0.7983969609375 0.7793230875 0.8092486015624999 0.7901960421875 0.834214653125 0.7989077359375 0.857587015625 0.8012274937500001 0.8679982484375 0.797273825 0.8863316421875 0.7859135109375 0.9015384984375 0.7685434421874999 0.9028888437499999 0.7478389062499999 0.90193263125 0.7440037453125
1 0.6361288046875 0.9121153734374999 0.6114814921875 0.9046820671875 0.5955154890625 0.9059471234375 0.5794278171875 0.89366394375 0.5105102828125 0.9176363015625 0.49454428281249996 0.918901359375 0.4832376734375 0.925793984375 0.488595378125 0.9407524453124999 0.48405765624999997 0.9486731125000001 0.4857121796875 0.9618391640624999 0.5012232140624999 0.9783396890624999 0.522167346875 0.9839805875 0.584118928125 0.9712500374999999 0.6043039140625 0.9607859265625001 0.6241093281250001 0.9422693109375 0.63740375625 0.9172289203125 0.6361288046875 0.9121153734374999
1 0.8017496859375 0.7078785843750001 0.78649655625 0.685882328125 0.774491634375 0.6834440625 0.7733383578125 0.6918787515625 0.7613942734375 0.6962146031249999 0.7663724046875 0.7031205578125 0.7624113234375 0.70682388125 0.776525734375 0.7046626203125 0.77626783125 0.7101583515625001 0.7575548624999999 0.7134661625 0.7559611734375 0.7070742265625001 0.7268369734375 0.71433570625 0.66008976875 0.7404826531250001 0.6482065203125 0.7515926234375 0.6566907671875 0.7725608359375 0.6696518984375001 0.7788342640625 0.691491409375 0.7815362046875001 0.7338346437500001 0.7750524234375 0.7512726609375 0.7666310640625 0.7894114703125 0.7367541328125 0.8027059 0.7117137453125 0.8017496859375 0.7078785843750001
1 0.6016656203124999 0.29066226093749997 0.5741496671874999 0.2717234703125 0.549183615625 0.263011778125 0.47068939375 0.281224728125 0.42910530625 0.3038135203125 0.4099982046875 0.3316610296875 0.42915158125 0.3431798421875 0.43144358125000004 0.35890266875 0.438273303125 0.366704828125 0.45461887812499996 0.3734922765625 0.459915746875 0.3816766203125 0.470964453125 0.38027972499999996 0.4701299125 0.38999280000000003 0.46182817343749993 0.38934694062499997 0.4569717125 0.39598922187499996 0.46475764843749995 0.4076265421875 0.45868707343750004 0.4159293921875 0.4652588921875 0.429227284375 0.4768842390625 0.42361304375 0.4642418453125 0.4186180046875 0.47305938750000004 0.4082724 0.4801470109375 0.41057882812499996 0.48148279687500006 0.4224664953125 0.48640009375000004 0.42259833281250003 0.49527847031250005 0.419026846875 0.488509584375 0.41799880624999997 0.4874925359375 0.40738952812499996 0.5055680296875 0.40152494375 0.5124585875000001 0.41610122031249996 0.5354513765625 0.410368475 0.5358309515624999 0.41842097968749997 0.529380803125 0.41867132500000004 0.531293228125 0.426341646875 0.5484733453125 0.42341601874999996 0.5687046078125 0.4523182296875 0.5613736421875 0.4229153296875 0.5246751328125 0.373677434375 0.5242955593749999 0.3656249296875 0.5509306921875 0.35491047343750004 0.57840036875 0.3344829421875 0.6014685546874999 0.30293210937500004 0.6035172109375 0.2915584640625 0.6016656203124999 0.29066226093749997
1 0.7658170828124999 0.230724703125 0.7383765265625 0.18596782812499998 0.704152521875 0.172775115625 0.6912522265625001 0.17327580625 0.6707485015625 0.1824615296875 0.6542666968749999 0.1947180484375 0.6397581531250001 0.2214190078125 0.6341279875 0.24454848125 0.6471962312499999 0.296962346875 0.680009053125 0.32408548125 0.7397294703124999 0.302406221875 0.7667732968750001 0.2345598640625 0.7658170828124999 0.230724703125
1 0.9513120125000001 0.42617420937499995 0.9440418828125001 0.403545425 0.9125040109375 0.381535840625 0.8890708125 0.37244196406249996 0.8712532203125001 0.37281081718750003 0.8464088406249999 0.377647359375 0.8365596906249999 0.4099758875 0.815919734375 0.438205578125 0.838897965625 0.4650650359375 0.8595233609375 0.469427546875 0.8994383656249999 0.46626490625 0.9331611234375 0.45785687812500003 0.9484288140625001 0.44726092812499996 0.9535431765625001 0.43512291718749996 0.9513120125000001 0.42617420937499995
1 0.93701249375 0.2708701828125 0.927632871875 0.25284092812500003 0.9112872968750001 0.24605347968750002 0.8882336703125 0.2450121078125 0.826342925 0.26451677500000004 0.7991919859375 0.28622269375 0.786474196875 0.3070457390625 0.8112431812500001 0.32802728124999997 0.8308369703125 0.35437271875 0.8444355781249999 0.3632029203125 0.8955963546874999 0.3463735328125 0.9138689156250001 0.3282391 0.9325210500000001 0.318157171875 0.9392436578125001 0.2798188921875 0.93701249375 0.2708701828125
1 0.5341282296875 0 0.519022609375 0.01797031875 0.5078985078125 0.0451852984375 0.5111321609374999 0.0973354890625 0.5232587515625 0.11332199218750001 0.5476481640624999 0.1262510296875 0.5596530828125 0.1286892953125 0.593694578125 0.1215596546875 0.6198893046875 0.0960185765625 0.6282056015624999 0.06407223125 0.6228016203125 0.0097474484375 0.62095003125 0.00885124375 0.6143905968750001 0 0.5341282296875 0
1 0.5742396203125 0.21331318281249997 0.5628113421875 0.20665757187499997 0.5619305234375 0.1770043265625 0.5543416546875 0.15309715625 0.5372977671875 0.1369788171875 0.5015409125 0.1241682859375 0.48525617343749994 0.12415495624999999 0.451078446875 0.1503285640625 0.43426334375 0.1938988984375 0.44133640781250005 0.22879753125 0.4637988359375 0.26664845000000004 0.48691329687499996 0.274463940625 0.53596458125 0.2622340828125 0.56184056875 0.23541461406250003 0.5645267015625001 0.22659774375000002 0.576470784375 0.2222618921875 0.5760912109375 0.2142093859375 0.5742396203125 0.21331318281249997
1 0.3929252 0.38072709531250004 0.3755017390625 0.35655625 0.37103941093750004 0.33865883124999996 0.3571220671875 0.32855024374999997 0.3476062140625 0.3295649546875 0.3129880765625 0.3409119390625 0.2916960890625 0.3991770609375 0.327119646875 0.44330140625 0.36683758593750004 0.4524086140625 0.3849130796875 0.4465440296875 0.39520263906249997 0.42904212499999994 0.3969325578125 0.41639009375 0.39061864062499996 0.39759647187499997 0.39388141249999997 0.38456225625 0.3929252 0.38072709531250004
1 0.41346999999999995 0.13662183125 0.4056232296875 0.11821039062500001 0.3939370484375 0.11705051250000001 0.364494109375 0.123033603125 0.3397714015625 0.14141838281250002 0.329725184375 0.186016759375 0.3132288203125 0.23086548125 0.3285427875 0.259635853125 0.3362678875 0.26449905625 0.376243728125 0.2681105328125 0.41330465156249996 0.220850203125 0.412606340625 0.21151931093749998 0.422258425 0.1914606328125 0.4137887375 0.1379002171875 0.41346999999999995 0.13662183125
1 0.171238203125 0.4319262984375 0.15515053125 0.41964311875 0.145315940625 0.41937944531250004 0.048685387499999996 0.43668286093750003 0.03699920625 0.43552298125 0.028120828125000004 0.43909446875 0.0362255015625 0.452010175 0.010030775 0.477551253125 0.00861959375 0.4914816734375 0.03428395625 0.509524259375 0.070875353125 0.5126217140625 0.1212015890625 0.505505403125 0.174092284375 0.476023984375 0.1770971546875 0.46848550156249996 0.1734693671875 0.440875009375 0.171238203125 0.4319262984375
1 0 0.422601403125 0.0582158 0.40307594687500004 0.0746367703125 0.384045309375 0.07365741875000001 0.3605269875 0.0719043609375 0.353495859375 0.0597777703125 0.33750935625 0.033020965624999996 0.3346755765625 0 0.338704625 0 0.422601403125
2 0.7944478390625 0.6132912765625 0.7696788531250001 0.592309734375 0.75928218125 0.5636711984375 0.7419803921875 0.5530485890625 0.7072405859375 0.5508473390625 0.6735178281249999 0.5592553671875 0.6444544624999999 0.5732909640625 0.6118095890624999 0.5990823890625 0.5219188046875 0.682598253125 0.5079869 0.7050818671875 0.4490256296875 0.7428661359375 0.448767728125 0.7483618671875 0.4672227953125 0.7505497890624999 0.46893815468750005 0.7704899593750001 0.48623994374999996 0.78111256875 0.49939814218749995 0.7751161468750001 0.4991402390625 0.780611878125 0.5055903875000001 0.7803615328125 0.5601356078124999 0.7640461671875001 0.6561286843749999 0.744185978125 0.7179585953125 0.7179071921875 0.756158240625 0.694804378125 0.782034228125 0.6679849109375 0.7935379015625 0.6488224375 0.7973164781250001 0.624796759375 0.7944478390625 0.6132912765625
2 0.8340243468749999 0.3671565875 0.8051117703124999 0.3295560140625 0.7738926375 0.3088248171875 0.7235055671875 0.3091670109375 0.691057759375 0.3226885859375 0.651128196875 0.35844343125 0.6313836187499999 0.3837341640625 0.592076971875 0.4546379890625 0.5770671828125 0.45973820625000006 0.5728481984375 0.4689372609375 0.55789924375 0.480811596875 0.56594308125 0.4869531859375 0.5675367703124999 0.493345121875 0.561086621875 0.49359546718749997 0.5592958671875 0.49947338124999996 0.5651693765625 0.5034403796875 0.5702691796875 0.5238945703125 0.5951743953124999 0.525832146875 0.6666418281250001 0.5120868859375001 0.7575959390625 0.47854662187499997 0.788450059375 0.45863311093750003 0.8131119312499999 0.4334742140625 0.83675675625 0.3977060390625 0.8356180359375 0.3735485234375 0.8340243468749999 0.3671565875