2 0.26714856249999996 0.31431568906249996 0.27835127656249997 0.283219234375 0.28990524375 0.1912854859375 0.2869085421875 0.1834391234375 0.2894571921875 0.1555815421875 0.2848038 0.14007714531249998 0.2843557484375 0.1043732015625 0.27475164687500003 0.08520294843750001 0.264031559375 0.0836963375 0.23447802499999998 0.1092436703125 0.1917677671875 0.17006795937500002 0.16861696875 0.2083954609375 0.147848871875 0.2589381546875 0.1465475796875 0.2973663265625 0.1553330171875 0.3223616875 0.16482510625 0.33260595625 0.19759936718749999 0.33275695625 0.2129728453125 0.3497679640625 0.22791763125000003 0.3503832765625 0.24872444843750002 0.338457078125 0.26714856249999996 0.31431568906249996
2 0.504705253125 0.41304388750000004 0.51840268125 0.40308861093750004 0.5220133828125 0.40656614218750003 0.5321734046875 0.363442825 0.5302193953125001 0.3676233296875 0.5204299859375 0.3692175984375 0.5100072171875001 0.35587245 0.5150505828124999 0.3491560453125 0.5117565609375 0.353148221875 0.49835645156249997 0.351264959375 0.4902043734375 0.341209015625 0.48670568750000004 0.3466574703125 0.44214928750000004 0.313664746875 0.3654326265625 0.27615219375 0.3587325703125 0.2752105625 0.32997834375 0.275624540625 0.3072175171875 0.2917312421875 0.30178418125 0.32066844687499996 0.3043715484375 0.33142736093749997 0.31820035 0.34970631874999997 0.2997568765625 0.3545394609375 0.29028414687500004 0.3636034390625 0.28844215 0.37670992812500004 0.2995909296875 0.394612234375 0.32897851562499997 0.4091376734375 0.42793465781249995 0.4245300921875 0.504705253125 0.41304388750000004
2 0.5927947203125 0.48631071875 0.6200969234375 0.47678242656250003 0.6849733687499999 0.42352851406249997 0.723980271875 0.3696089546875 0.725617603125 0.3579587421875 0.7324103109375 0.3485181125 0.72837091875 0.3286448859375 0.720944853125 0.323146096875 0.7198095078125 0.3215014953125 0.6973460015625 0.3257696578125 0.67633451875 0.33915213125 0.6108053578125 0.3581583796875 0.570010390625 0.3761856703125 0.555903628125 0.3890534984375 0.5469522437500001 0.4041309109375 0.5455389390625001 0.43363309375 0.552146340625 0.4449569875 0.5692691625 0.45924376718750004 0.568562509375 0.473994859375 0.572899221875 0.48202954687500005 0.5927947203125 0.48631071875
2 0.757887096875 0.7797903171875 0.77417189375 0.7805939562499999 0.789209334375 0.77082700625 0.796206709375 0.7599300984374999 0.799890703125 0.7337171203125 0.796465309375 0.7094750640624999 0.7856138500000001 0.6797342203125 0.753507521875 0.6262156328125 0.7317313078125001 0.5964244546875 0.7075917515625 0.573726334375 0.7022123484375 0.55366478125 0.6858155375 0.5439351578125 0.6816834921875 0.53444419375 0.6790034703125001 0.534067540625 0.6628306859374999 0.5421898875 0.6531532906249999 0.5527101421875 0.6492646296875 0.5803793984375 0.6550920859375 0.6361448921874999 0.664715546875 0.6746233968750001 0.7051979796875 0.7560498984375 0.7098513718749999 0.771554296875 0.7082140406249999 0.7832045078125 0.7251321953125001 0.798947565625 0.736987628125 0.802098778125 0.745846359375 0.7974036296875 0.757887096875 0.7797903171875
2 0.59293438125 0.7283919546875001 0.5977537203125001 0.7038235796875 0.6146137984375 0.6616418921875 0.6319025671875 0.6358558999999999 0.6311378359375001 0.5926822484375001 0.622055078125 0.5795254265625001 0.6209197343749999 0.577880821875 0.6094929953125 0.5911253046875 0.587550834375 0.6014069 0.5797347937499999 0.6181289140625 0.5887055390625 0.6223597515625 0.5923355984375 0.6451455312500001 0.577634196875 0.6816904375 0.5579820843750001 0.7145694859375 0.5550434625 0.76464786875 0.5617435171875 0.7655895 0.567922225 0.7605177000000001 0.5770782765625 0.7439840109375 0.59293438125 0.7283919546875001
2 0 0.77349723125 0.012621145312500002 0.7641524515625 0.0410393359375 0.7369605171875 0.06491614531249999 0.7031901703125001 0.0819075953125 0.6892427171875 0.10115037499999999 0.6592762203125 0.1100091046875 0.6545810703125 0.112874434375 0.6341932 0.1177131328125 0.6289330718749999 0.1092443734375 0.6114074203125 0.10140897499999998 0.608821184375 0.10027363125 0.6071765828125 0.07533476875 0.6096118171875 0.0633866828125 0.616842865625 0.0297937578125 0.622516971875 0 0.6361511390625 0 0.77349723125
2 0.0832558953125 0.9032780453125 0.08975128437499999 0.9056759546875 0.1006760390625 0.9057262875 0.12034750937500001 0.8921554859375 0.1395709296875 0.84288074375 0.1446875875 0.8064738281249999 0.1554076734375 0.8079804390625 0.142899525 0.770581559375 0.138933425 0.7210178218750001 0.141686740625 0.691703965625 0.1374426828125 0.6732870140625 0.12701991562499998 0.659941865625 0.1229998828125 0.6593768859375 0.11609516093750001 0.6598915328125 0.089445675 0.7036674890625 0.061753496875 0.7354165796875 0.0328526828125 0.795211578125 0.0222833265625 0.84124745 0.0437235015625 0.8442606703125 0.057440290625 0.8536136421875 0.06548035468749999 0.8547435999999999 0.0691837078125 0.84783886875 0.06775104374999999 0.85803280625 0.07551315 0.8903095499999999 0.0832558953125 0.9032780453125
1 0.4671504765625 0 0.44083556250000006 0.0313224109375 0.42952083593749996 0.053492878125 0.4339695609375 0.07045355156250001 0.424404178125 0.08989979218750001 0.4341935859375 0.088305521875 0.43771163281250003 0.1021653171875 0.44988374531249997 0.112786240625 0.4578117953125 0.10499021093750001 0.4871800234375 0.10020740312500001 0.507986840625 0.0882812046875 0.5263183 0.074522078125 0.549376446875 0.0465768375 0.5565591265625 0.0149154046875 0.554176425 0.0027002140625000002 0.546940365625 0.0016832515625 0.5349634062499999 0 0.4671504765625 0
1 0.6105578265625 0.21407465781249999 0.6174431874999999 0.1942517640625 0.619265825 0.161837028125 0.6111870390624999 0.1220905734375 0.61489039375 0.11518584375 0.5971535718750001 0.10526789375000001 0.5958135609374999 0.1050795671875 0.558312615625 0.11911468124999999 0.5352738296874999 0.16636816875 0.529002465625 0.1818222328125 0.526658484375 0.20822353593749998 0.533192590625 0.249237940625 0.5432793203124999 0.23580513125000002 0.5539994078125 0.2373117421875 0.5713268953124999 0.250142246875 0.5864763484375 0.24930128125 0.5970844234375 0.24188190625 0.5971770765625 0.23149964375 0.6105578265625 0.21407465781249999
1 1 0.32507560625 0.9836409265625001 0.3110592859375 0.9809609046875 0.31068263281249997 0.9723068406250001 0.3139215046875 0.9441666109375 0.309966653125 0.92685848125 0.3164443984375 0.9081176890625 0.333116078125 0.9042290281250001 0.3607853328125 0.9076350609375 0.365719140625 0.9214445031249999 0.36468985 0.9317746187499999 0.3884172609375 0.9432207187499999 0.394481028125 0.9901211 0.40107244687500004 1 0.3925540953125 1 0.32507560625
1 0.9273839718750001 0.4293813328125 0.9332460015624999 0.4168398203125 0.9212591984375 0.385454375 0.8873302328125 0.364350525 0.8833101984375 0.36378554531249996 0.853644653125 0.3804068921875 0.8317218515624999 0.4099967359375 0.8199784328125 0.41577150781250005 0.8101157296875 0.4470562875 0.8108611015625 0.4709216921875 0.8181945140625 0.4868027421875 0.8359313343749999 0.49672069218750003 0.8629362203125 0.499030940625 0.8808583484374999 0.488184365625 0.8975524781249999 0.4860754515625 0.9286313296875001 0.4399519203125 0.9273839718750001 0.4293813328125
1 0.3535591984375 0.7690019953125 0.3958061890625 0.760089015625 0.4152729953125 0.747974490625 0.4320404171875 0.7161750671875 0.42759169375 0.6992143921875 0.403340125 0.6675902859375 0.36643381875 0.657948321875 0.365298471875 0.6563037203125 0.353033709375 0.656065059375 0.34397031093749997 0.662216484375 0.332728878125 0.6546964421875 0.3272761796875 0.6643254 0.3036773296875 0.6669489609375 0.28287051406249997 0.6788751578125 0.2819591953125 0.6950825265625 0.2935173078125 0.710072278125 0.29208464375 0.7202662140625 0.284770590625 0.7236934125000001 0.29448670625 0.751789653125 0.3535591984375 0.7690019953125
1 0.8466661875 1 0.8485874359375 0.9900478125 0.8304025640624999 0.94442591875 0.8304952171875 0.9340436562500001 0.8196631171875 0.9236110609375 0.8180064265625001 0.9159530265625 0.8072863390625 0.9144464156250001 0.800586284375 0.9135047843749999 0.7882288671875 0.9236483859375 0.784618165625 0.9201708546875 0.77328408125 0.923033075 0.7476385671875 0.9402193999999999 0.749928615625 0.9628168546874999 0.7463372734375 0.9786475703124999 0.7502948953125 1 0.8466661875 1