2 0.62734375 0.52890625 0.7453125 0.9078125
0 0.26875 0.45 0.109375 0.084375
0 0.2328125 0.31796875 0.109375 0.0796875
0 0.3671875 0.65078125 0.084375 0.0984375
0 0.30546875 0.63359375 0.1015625 0.096875
0 0.44921875 0.6703125 0.06875 0.096875
0 0.20546875 0.20234375 0.1125 0.084375
0 0.29140625 0.77734375 0.1078125 0.0890625
0 0.23984375 0.58515625 0.1 0.0921875
0 0.20234375 0.7359375 0.109375 0.0921875
0 0.35078125 0.859375 0.1 0.096875
0 0.1 0.378125 0.121875 0.0640625
0 0.34296875 0.79921875 0.1171875 0.090625
0 0.07265625 0.32421875 0.10625 0.065625
0 0.4421875 0.878125 0.090625 0.0953125
0 0.10234375 0.465625 0.11875 0.065625
0 0.22265625 0.6875 0.1125 0.065625
0 0.50234375 0.88046875 0.084375 0.09375
0 0.11328125 0.57109375 0.125 0.0796875
0 0.1796875 0.62734375 0.1171875 0.0875
0 0.1390625 0.53515625 0.10625 0.0625
0 0.13984375 0.67734375 0.0875 0.0625
0 0.115625 0.62265625 0.075 0.059375
0 0.06796875 0.50625 0.090625 0.059375
0 0.13984375 0.73984375 0.0578125 0.046875
0 0.20703125 0.3 0.0484375 0.0421875
0 0.36015625 0.51171875 0.03125 0.03125
0 0.2421875 0.42578125 0.0421875 0.0375
0 0.0421875 0.32421875 0.0453125 0.040625