2 0.50703125 0.8828125 0.090625 0.1640625
2 0.46640625 0.75 0.121875 0.096875
2 0.67265625 0.68359375 0.0984375 0.178125
2 0.89921875 0.5078125 0.1109375 0.1125
2 0.8109375 0.278125 0.134375 0.1203125
2 0.87265625 0.18125 0.140625 0.1296875
2 0.64921875 0.32421875 0.1375 0.1765625
2 0.5234375 0.19140625 0.13125 0.1828125
2 0.19609375 0.2515625 0.1515625 0.134375
2 0.01796875 0.6984375 0.0359375 0.121875
0 0.37578125 0.7828125 0.0234375 0.025
0 0.7375 0.4953125 0.0171875 0.0265625
0 0.4 0.321875 0.0171875 0.021875