2 0.7063326703125 0.2736556140625 0.6814510828125 0.313475715625 0.6635560203125 0.32507952812499996 0.6476219624999999 0.359097721875 0.65358229375 0.39120040624999997 0.6783479046875 0.40409099375 0.6912947625 0.4079773890625 0.7109715984375 0.398727240625 0.7717065625 0.40847091718749995 0.7734883359375 0.41082458125 0.8521570203125 0.391394215625 0.8790382734375 0.356418265625 0.8833328078125 0.333456596875 0.8795900281250001 0.3086885515625 0.8702453796875 0.29193925468750004 0.8519531984375 0.280991865625 0.8634134906250001 0.249874625 0.8525436140625 0.21569192187500003 0.837379203125 0.2044708875 0.8134851515625 0.20154224687500003 0.7562364171875 0.2316463578125 0.7063326703125 0.2736556140625
1 1 0.49524281718749996 0.9913673703124999 0.4695586734375 0.9662046421875001 0.43411688281250005 0.9267103984375 0.41498623593749995 0.9178015281249999 0.4032179125 0.9204162 0.433103753125 0.909430346875 0.45163173749999996 0.9122629078125 0.484008065625 0.9218254484375 0.5032478484375 0.9235685625000001 0.5231717421875001 0.9498593968750001 0.5534957375 0.9766246703125001 0.5712304765625 0.9875718671874999 0.5702727203125 0.9985190609375 0.5693149656250001 1 0.5633339390625001 1 0.49524281718749996
1 0.838605678125 0.5607196265625001 0.8251843828125001 0.5694224875 0.8051490875 0.538551203125 0.7808192546875 0.5306415890625 0.7687439546875 0.536717140625 0.7646673078124999 0.562169296875 0.7492076890625 0.5835982359375 0.7286592953125 0.5828864375 0.7075978046875 0.6123341250000001 0.7019572734375 0.637923103125 0.7118009546875 0.7324247765624999 0.7316183609375 0.7608055734375 0.7557303015625 0.7662247015625 0.7575120765625 0.768578365625 0.7599861781249999 0.7608332609375 0.7798809046875 0.7540735984375 0.7736640234375 0.7370506578125 0.77952244375 0.7139521656250001 0.7938152984375 0.715211253125 0.8096333765624999 0.733903746875 0.8225802359375001 0.7377901437500001 0.8512819203124999 0.687597628125 0.8428474874999999 0.66324005 0.8437963640625 0.6380615390625 0.8309268234375 0.5990346843750001 0.838605678125 0.5607196265625001
1 0.44029998593749997 0.7812735296875 0.4662710203125 0.7539058625 0.4670406671875 0.708666634375 0.4595551109375 0.65913054375 0.44268624375 0.6104153875 0.411703753125 0.580501859375 0.400756559375 0.5814596140625 0.37961775000000003 0.6460477609375 0.38245031093750004 0.6784240875 0.39928051875000004 0.744709475 0.41284238437500004 0.7736375609375 0.4385182109375 0.778919865625 0.44029998593749997 0.7812735296875
1 0.38380683125 0.8740502765624999 0.3914083671875 0.8708756781250001 0.4019584421875 0.8473667203125 0.3969469875 0.7900855250000001 0.37695035 0.7416440125 0.3591326078125 0.7181073671875 0.329021675 0.6981557859375 0.3108700640625 0.7248393421875 0.31010041718750003 0.7700785703124999 0.3334040546875 0.8383071546875 0.359477 0.8661406625 0.3791151765625 0.8744607421874999 0.38380683125 0.8740502765624999
1 0.0877968015625 0.8949286984375 0.0987439953125 0.89397094375 0.109768509375 0.8578727296875 0.108064053125 0.82037860625 0.0991938421875 0.7910400531249999 0.0749413296875 0.74798998125 0.05599548125 0.72957113125 0.0419205171875 0.7308025312499999 0.0246791234375 0.7498778046875 0.0303442453125 0.8146304593749999 0.0399067859375 0.8338702421875 0.0414320109375 0.85130365 0.056121982812500006 0.8751139406249999 0.0877968015625 0.8949286984375
1 0.1324360875 0.5045526296875 0.140776284375 0.5038229578125 0.172661315625 0.4960142796875 0.2002348953125 0.4509395609375 0.21074631250000003 0.44500083124999995 0.207477971875 0.4076435296875 0.2142079484375 0.3945069859375 0.17696991875 0.365140746875 0.15103754375 0.37493818437500004 0.12102852187499999 0.41018777812499996 0.1122602203125 0.43605040156249997 0.11236213125000001 0.49125157656249996 0.11792534375 0.50080305625 0.1324360875 0.5045526296875
1 0.10276447343749999 0.1834166625 0.11644232031249999 0.159634059375 0.13015882343750002 0.1182812265625 0.13314602343749998 0.0803766375 0.1267112546875 0.060863209375000005 0.12587835625 0.0333310328125 0.052375765625 0.0397616765625 0.0489527859375 0.07268529375 0.0603990109375 0.14947991562500001 0.08556174062500001 0.18492170624999998 0.09416310781250001 0.18416918437500002 0.10276447343749999 0.1834166625
1 0.6293438484375 0.2402384703125 0.6472389109375001 0.22863465624999998 0.6868877906249999 0.1774843859375 0.6931819906250001 0.15936686875 0.68595298125 0.094751034375 0.672788234375 0.088374153125 0.6399466515625 0.09124741875 0.5953882265625 0.14031766875 0.5875301421875 0.158572009375 0.5874528234375 0.1937124671875 0.59475915 0.22318784218749999 0.615268884375 0.24146986875 0.6293438484375 0.2402384703125
1 0.6740841859375 0 0.6849021937499999 0.064728371875 0.7211913484375 0.1192731234375 0.7327922109375 0.125786828125 0.7421755203125 0.12496589531249999 0.7628398921875 0.0729670046875 0.76669865 0.0450243609375 0.7618277640625 0.0253741125 0.7686826828125 0 0.6740841859375 0
2 0.8393602265625001 0 0.8397654625 0.03361274375 0.8249595093750001 0.06251314375 0.8397268015625 0.0511829734375 0.849943009375 0.0778942171875 0.8651074203125001 0.0891152515625 0.8668891953125 0.09146891562500001 0.886604690625 0.0646485375 0.9001033062499999 0.02080521875 0.9081406203125001 0.02261159375 0.9052693984375001 0.007805495312500001 0.9134864703125001 0 0.8393602265625001 0
1 0.506853809375 0 0.49339131406250003 0.001177815625 0.5116448359375 0.029695434375000003 0.5281552421875 0.038289159375 0.5375385515625 0.0374682265625 0.551652175 0.018666596875 0.5538853546875 0 0.506853809375 0
1 0.15796081875 0.2739504921875 0.1648700265625 0.2808746640625 0.155012278125 0.294284853125 0.1610112703125 0.30881730625000003 0.1846487734375 0.326825690625 0.2002876234375 0.3254574671875 0.20341539218750002 0.3251838234375 0.21014537031249997 0.312047278125 0.24415371874999997 0.2864859875 0.259908546875 0.2324070765625 0.25187123125 0.2306007015625 0.23739914999999998 0.2092808984375 0.21328720625000003 0.2038617703125 0.182406628125 0.22914941875 0.17567665 0.2422859625 0.17785554374999998 0.26719082968749996 0.1693437921875 0.2779737109375 0.1653444640625 0.2682854078125 0.15796081875 0.2739504921875