2 0.2212765953125 0.3186440671875 0.21985815625 0.2949152546875 0.2 0.28305084687500004 0.1886524828125 0.28305084687500004 0.1787234046875 0.2949152546875 0.1787234046875 0.33050847499999997 0.1829787234375 0.3627118640625 0.19574468125 0.37288135625 0.2170212765625 0.34067796562499997 0.2212765953125 0.3186440671875
2 0.2397163125 0.40677966093749995 0.2666666671875 0.383050846875 0.272340425 0.359322034375 0.258156028125 0.34067796562499997 0.25106382968749996 0.34067796562499997 0.2354609921875 0.3508474578125 0.205673759375 0.386440678125 0.19858156093749998 0.40338983125 0.20425531874999997 0.4186440671875 0.2156028375 0.4186440671875 0.2397163125 0.40677966093749995
2 0.1432624109375 0.469491525 0.1531914890625 0.43898305156250006 0.14751773125 0.4237288140625 0.130496453125 0.4152542375 0.1191489359375 0.4152542375 0.1120567375 0.425423728125 0.1035461 0.46101694843749996 0.10212765937499999 0.4932203390625 0.11063829843749999 0.5 0.12056737656250001 0.498305084375 0.1432624109375 0.469491525
2 0.3205673765625 0.498305084375 0.34042553125 0.4677966109375 0.3446808515625 0.4525423734375 0.3446808515625 0.4355932203125 0.3205673765625 0.4220338984375 0.3106382984375 0.4220338984375 0.3007092203125 0.43389830468749996 0.29219858125 0.469491525 0.2907801421875 0.50338983125 0.293617021875 0.51186440625 0.302127659375 0.516949153125 0.3205673765625 0.498305084375
2 0.381560284375 0.5 0.36453900781250004 0.48813559375000004 0.365957446875 0.4677966109375 0.3574468078125 0.45932203437499997 0.3531914890625 0.45932203437499997 0.33758865312499997 0.474576271875 0.3106382984375 0.516949153125 0.31205673749999996 0.52711864375 0.3531914890625 0.52711864375 0.38014184375000004 0.516949153125 0.381560284375 0.5
2 0.6510638296875 0.16610169531250002 0.658156028125 0.130508475 0.6553191484374999 0.1152542375 0.6468085109375 0.10677966093749999 0.6453900703125 0.1050847453125 0.6212765953125 0.130508475 0.6070921984375001 0.1644067796875 0.6113475171875 0.1796610171875 0.6269503546874999 0.1813559328125 0.638297871875 0.1915254234375 0.6510638296875 0.16610169531250002
2 0.8283687937499999 0.12203389843750001 0.8156028375 0.1084745765625 0.8056737593750001 0.1084745765625 0.7971631203125 0.11694915312500001 0.7829787234375 0.169491525 0.794326240625 0.171186440625 0.8028368796875001 0.16610169531250002 0.8269503546875001 0.1389830515625 0.8283687937499999 0.12203389843750001
2 0.873758865625 0 0.8638297875 0.0050847453125 0.858156028125 0.0186440671875 0.8652482265625 0.040677965625 0.878014184375 0.0474576265625 0.921985815625 0.025423728125 0.9276595750000001 0.0152542375 0.9234042546874999 0 0.91631205625 0 0.873758865625 0
2 0.9475177312499999 0.17796610156249998 0.9432624109375001 0.1644067796875 0.91631205625 0.1372881359375 0.9092198578125 0.1372881359375 0.9007092203125 0.1389830515625 0.893617021875 0.15762711875 0.8964539 0.1762711859375 0.9106382984374999 0.186440678125 0.9446808515624999 0.18813559375 0.9475177312499999 0.17796610156249998
2 0.961702128125 0.22033898281250003 0.9631205671874999 0.2101694921875 0.9546099296874999 0.198305084375 0.9290780140624999 0.1932203390625 0.921985815625 0.1932203390625 0.893617021875 0.19661016874999998 0.8893617015625 0.20338983124999999 0.8907801421875 0.21864406718749999 0.8964539 0.225423728125 0.9460992906250001 0.22711864375 0.961702128125 0.22033898281250003
2 0.9347517734374999 0.28813559375 0.9475177312499999 0.26779661093749996 0.9574468078124999 0.2474576265625 0.9574468078124999 0.2389830515625 0.9517730500000001 0.23559322031250002 0.9475177312499999 0.23559322031250002 0.9262411343749999 0.2389830515625 0.9035461 0.25254237343749997 0.9035461 0.2644067796875 0.91631205625 0.274576271875 0.9205673765625001 0.2932203390625 0.9347517734374999 0.28813559375
2 0.9319148937499999 0.41186440625 0.9262411343749999 0.3677966109375 0.9191489359375 0.344067796875 0.9106382984374999 0.3355932203125 0.9035461 0.3355932203125 0.8964539 0.3457627125 0.8907801421875 0.3932203390625 0.89219858125 0.4152542375 0.9035461 0.42711864374999997 0.9262411343749999 0.4220338984375 0.9319148937499999 0.41186440625
2 0.9546099296874999 0.35762711875000003 0.9347517734374999 0.3372881359375 0.9262411343749999 0.3372881359375 0.921985815625 0.344067796875 0.9347517734374999 0.39661016875 0.9503546093749999 0.398305084375 0.961702128125 0.38813559375 0.9588652484375 0.36949152500000004 0.9546099296874999 0.35762711875000003
2 0.8553191484375 0.4661016953125 0.853900709375 0.4491525421875 0.8453900703125001 0.42033898281250004 0.8283687937499999 0.40677966093749995 0.8241134750000001 0.40677966093749995 0.8085106390625001 0.42033898281250004 0.8056737593750001 0.43728813593750004 0.8269503546875001 0.4661016953125 0.8397163125 0.4762711859375 0.8482269499999999 0.4762711859375 0.8553191484375 0.4661016953125
2 0.8099290781249999 0.3508474578125 0.785815603125 0.3220338984375 0.7631205671875 0.30677966093750003 0.75602836875 0.30677966093750003 0.750354609375 0.3220338984375 0.765957446875 0.3610169484375 0.78014184375 0.3796610171875 0.794326240625 0.383050846875 0.8113475171875001 0.3644067796875 0.8099290781249999 0.3508474578125
2 0.682269503125 0.301694915625 0.6751773046875 0.28135593281250004 0.6453900703125 0.2457627125 0.6368794328125 0.2457627125 0.618439715625 0.274576271875 0.618439715625 0.286440678125 0.6269503546874999 0.29661016875 0.64822695 0.30677966093750003 0.6808510640625001 0.31186440625 0.682269503125 0.301694915625
2 0.6709219859375 0.3542372875 0.6808510640625001 0.3457627125 0.6751773046875 0.33050847499999997 0.6397163124999999 0.3101694921875 0.6326241140625 0.3101694921875 0.625531915625 0.3101694921875 0.6198581562500001 0.316949153125 0.6170212765625 0.344067796875 0.6212765953125 0.3491525421875 0.6553191484374999 0.35762711875000003 0.6709219859375 0.3542372875
2 0.7432624109375 0.469491525 0.7418439718750001 0.4491525421875 0.7134751765625 0.44237288125 0.70780141875 0.44237288125 0.6836879437500001 0.4457627125 0.6751773046875 0.4525423734375 0.673758865625 0.46440677968750005 0.6851063828124999 0.49152542343750005 0.7092198578125 0.48983050781250004 0.7432624109375 0.469491525
2 0.7730496453125 0.5847457625 0.7914893609375 0.5796610171875 0.8070921984374999 0.555932203125 0.8028368796875001 0.540677965625 0.75602836875 0.516949153125 0.7517730499999999 0.516949153125 0.7347517734375 0.5203389828125 0.727659575 0.528813559375 0.7361702125 0.5898305078125 0.7517730499999999 0.6050847453125 0.7645390078125 0.598305084375 0.7730496453125 0.5847457625
2 0.605673759375 0.5440677968750001 0.618439715625 0.540677965625 0.62836879375 0.530508475 0.6269503546874999 0.5101694921875 0.618439715625 0.48474576249999995 0.594326240625 0.4542372875 0.5872340421875 0.4542372875 0.5560283687500001 0.5135593218750001 0.55177305 0.5322033890625 0.5588652484375001 0.5440677968750001 0.5829787234375 0.5474576265625 0.594326240625 0.525423728125 0.605673759375 0.5440677968750001
2 0.15602836874999998 0.8491525421875 0.1929078015625 0.8101694921875 0.1886524828125 0.7915254234375 0.175886525 0.7915254234375 0.137588653125 0.801694915625 0.11631205625 0.8169491531249999 0.11347517656249999 0.8355932203125 0.121985815625 0.8525423734375 0.13900709218750001 0.859322034375 0.15602836874999998 0.8491525421875
2 0.19007092187500002 0.871186440625 0.19574468125 0.844067796875 0.19432624062499998 0.8203389828125 0.1872340421875 0.8203389828125 0.141843971875 0.871186440625 0.141843971875 0.8898305078125001 0.165957446875 0.9067796609375 0.18014184375 0.901694915625 0.1929078015625 0.8813559328125 0.19007092187500002 0.871186440625
2 0.2794326234375 0.8254237281249999 0.28085106406250004 0.8152542374999999 0.2751773046875 0.8067796609375 0.269503546875 0.8067796609375 0.2468085109375 0.8203389828125 0.2156028375 0.8525423734375 0.2156028375 0.87288135625 0.2326241140625 0.8881355937500001 0.25531914843750003 0.883050846875 0.2794326234375 0.8254237281249999
2 0.30354610000000004 0.9338983046875 0.306382978125 0.8881355937500001 0.2964539 0.87288135625 0.2865248234375 0.87288135625 0.26808510625 0.8745762718750001 0.2609929078125 0.886440678125 0.269503546875 0.944067796875 0.282269503125 0.9661016953124999 0.2964539 0.9610169484375 0.30354610000000004 0.9338983046875
2 0.12482269531250001 0.9508474578125 0.11063829843749999 0.9305084750000001 0.1007092203125 0.9305084750000001 0.0907801421875 0.9389830515625001 0.0808510640625 0.9389830515625001 0.07801418437499999 0.9559322031249999 0.1035461 0.998305084375 0.126241134375 0.998305084375 0.12482269531250001 0.9508474578125
2 0.53191489375 0.9779661015625001 0.57163120625 0.9627118640625 0.5773049640625 0.95762711875 0.5787234046874999 0.9474576265625 0.575886525 0.9322033890625001 0.5659574468749999 0.925423728125 0.5588652484375001 0.925423728125 0.54042553125 0.9322033890625001 0.5134751765625001 0.9525423734375 0.506382978125 0.9610169484375 0.506382978125 0.9728813562499999 0.5134751765625001 0.9779661015625001 0.53191489375 0.9779661015625001
2 0.7148936171875 0.9322033890625001 0.750354609375 0.913559321875 0.7517730499999999 0.9033898312499999 0.74042553125 0.886440678125 0.7049645390625 0.8796610171875001 0.693617021875 0.8796610171875001 0.6836879437500001 0.886440678125 0.6836879437500001 0.8949152546875 0.6893617015625 0.9033898312499999 0.6879432624999999 0.9220338984374999 0.697872340625 0.9338983046875 0.7148936171875 0.9322033890625001
2 0.7914893609375 0.9542372875 0.7929078015625 0.9338983046875 0.7730496453125 0.9203389828124999 0.7673758859375 0.9203389828124999 0.717730496875 0.9406779656250001 0.7120567375 0.9474576265625 0.7120567375 0.959322034375 0.7205673765625 0.9661016953124999 0.74042553125 0.9677966109374999 0.7914893609375 0.9542372875