2 0.55859375 0.7 0.453125 0.2203125
2 0.66875 0.47421875 0.415625 0.2109375
1 0.962024565625 0.7640452859375 0.9453554125 0.71426274375 0.9356482453125 0.701254946875 0.9229889453125001 0.7001581906250001 0.89000259375 0.7112757609375 0.865051896875 0.730159409375 0.8497393890625 0.7580988890625 0.8439960843750001 0.7911422328125 0.864920978125 0.813178290625 0.8588097703124999 0.8251444749999999 0.884335315625 0.8391938874999999 0.90331276875 0.8401803578125 0.9158570984375001 0.8346905 0.9552995671875 0.8313665828125 0.9486365046874999 0.8117170296875 0.9608359234374999 0.7864673375 0.9620935484375 0.767997253125 0.962024565625 0.7640452859375
1 0.8367192296875 0.8268477921875 0.83168169375 0.8098053125 0.8309918749999999 0.7702856406249999 0.8128581531249999 0.7271172828125 0.79060665625 0.7195993421875 0.7544842218750001 0.7320893749999999 0.7405673 0.7494627046875 0.75045841875 0.77300908125 0.719396515625 0.803858915625 0.7242501015625 0.8103628140625 0.72791504375 0.839288765625 0.736042675 0.8523241359375 0.7520450015625 0.8639043265625 0.7853992562500001 0.8738639156250001 0.823055240625 0.8587116671875 0.8308379625000001 0.8519872 0.8368112062499999 0.8321170812500001 0.8367192296875 0.8268477921875
1 0.7472533546875 0.7704295796875 0.7407972390625 0.762635928125 0.7377761265625 0.7705950046875001 0.7266273812499999 0.7655187125 0.7061163796875001 0.76719445625 0.69661615625 0.766042559375 0.6901830343750001 0.75956623125 0.6743876515625 0.759841940625 0.6018898515625 0.7703314609375 0.5878119703125 0.7784835343750001 0.5929874703125 0.8034299468749999 0.6025796703124999 0.8098511328125 0.6232516312499999 0.8173966437500001 0.66596814375 0.820604196875 0.6848536203125 0.816321378125 0.7255996984374999 0.7971620203125 0.7472993421874999 0.7730642234375 0.7472533546875 0.7704295796875
1 0.5399340453125 0.9321752 0.5175905703125 0.9193879703125001 0.5017492 0.917029034375 0.49043950000000003 0.9027314859375 0.4824958203125 0.900234696875 0.47624665000000005 0.904296946875 0.4162931796875 0.909296609375 0.40045180937499997 0.906937675 0.3878844859375 0.9111102093750001 0.38973995 0.92689050625 0.38353676875 0.933587403125 0.38218716875 0.9467881968749999 0.3935888453125 0.9663550375 0.41272725625 0.9765627640625001 0.47595477343750003 0.9780945703124999 0.49797633125 0.9724392890625 0.521439465625 0.9588525015625 0.5400260203125 0.937444490625 0.5399340453125 0.9321752
1 0.19509256875 0.3663023234375 0.1917495421875 0.3558188859375 0.1773267515625 0.344211121875 0.10457601718750001 0.3402100953125 0.0998603953125 0.34161013125 0.1204173875 0.3425690328125 0.1236224515625 0.345148534375 0.1157937421875 0.3492383578125 0.126873503125 0.35036268125 0.11760322031249999 0.36238400937500004 0.1081489859375 0.3638667578125 0.09846480937499999 0.35217628125 0.0779768 0.35516935 0.06366898125 0.3501481984375 0.06376095625 0.3554174875 0.058976354687499996 0.3528655546875 0.0401138703125 0.3584656953125 0.029218060937500002 0.3678799484375 0.0246863921875 0.3798185640625 0.0328600109375 0.395488578125 0.045657275000000004 0.4044892671875 0.080614059375 0.41573860781249994 0.13596687968750001 0.4187255921875 0.184702625 0.40469766875 0.19090580937499999 0.3980007734375 0.19518454375 0.37157161250000004 0.19509256875 0.3663023234375
1 0 0.305694871875 0.0250932390625 0.31260755156250003 0.09134186875 0.3061802828125 0.11162293281249999 0.2913313125 0.1159591515625 0.2681954578125 0.1158326859375 0.26095018593749997 0.1076130796875 0.2426455265625 0.0821795109375 0.2338654046875 0.039440003125 0.22934053125 0.0015770734375000002 0.23263687968750002 0 0.23355011406249998 0 0.305694871875
1 0.4225000859375 0.3596974625 0.41096044374999996 0.33222668906249997 0.41063852812499996 0.313784175 0.39935182187499996 0.30080394843749997 0.38985159999999996 0.29965205156249997 0.3535682078125 0.30292082656249997 0.31971513125 0.35490296250000003 0.34430496875 0.4058649703125 0.3809562625 0.423673353125 0.399887728125 0.422025178125 0.41385063750000006 0.40728649375000003 0.41838230625 0.39534787968749996 0.416457859375 0.375615615625 0.42256906718750004 0.3636494296875 0.4225000859375 0.3596974625
1 0.6461506828125 0.3188973625 0.6140080640625001 0.2878330421875 0.59965425625 0.28017724843749997 0.5869949562500001 0.2790804921875 0.5112001140625 0.2817212203125 0.4734981421875 0.294238825 0.4595812203125 0.311612153125 0.4706379890625 0.31141915625 0.4659683546875 0.3154538375 0.47888058906250003 0.3310411390625 0.47583648125 0.33768289375 0.467938790625 0.3378207484375 0.466497215625 0.3457522515625 0.47462484531250004 0.358787621875 0.49531980000000003 0.36765045625 0.500012428125 0.3649330984375 0.5159917609375 0.37519596875 0.5286280671875 0.37497540156250003 0.5319251078125 0.38282419375 0.5397308234375 0.3774170484375 0.5510865109374999 0.39434924374999997 0.5513164515625 0.40752246718749996 0.55953605625 0.4258271265625 0.564182696875 0.42047512343750004 0.5674107546875 0.42437194843750004 0.567249796875 0.4151506921875 0.56083966875 0.4099916859375 0.5623042359375 0.40337750312500004 0.5541996 0.39165945625 0.552298146875 0.3732445140625 0.580683846875 0.3701135921875 0.6104881265625 0.3577338421875 0.6323257359375 0.3415399796875 0.6462426578125 0.3241666515625 0.6461506828125 0.3188973625
1 0.635201840625 0.2347541546875 0.6304632265625 0.2348368671875 0.6271891796875 0.228305396875 0.633001465625 0.19921402187499998 0.6309850421875 0.17421246562499998 0.6180038265625 0.1546731984375 0.586045159375 0.134147459375 0.5733628656249999 0.13173338125 0.55445439375 0.134698878125 0.5309912609375 0.14828566406250002 0.5048059359375 0.1869567203125 0.5038472328125 0.222551996875 0.5156168140624999 0.26319599375 0.5379832828125 0.2773005484375 0.5885285046875001 0.276418278125 0.6181948234375 0.2561345921875 0.6227954734375001 0.248147946875 0.6354087859375 0.24661005625 0.635201840625 0.2347541546875
1 0.7283345203125 0.0486471921875 0.71352083125 0.0146449484375 0.6912693328125 0.0071270078125 0.67387141875 0.006112965624999999 0.6676452421875 0.0114925375 0.6628606390625 0.00894060625 0.631637778125 0.030569184375000003 0.611517671875 0.054639409375 0.6026842734375 0.0916898625 0.60142665 0.1101599453125 0.6128743156249999 0.1323614296875 0.6416509125000001 0.1516249890625 0.6764237468750001 0.15233575 0.690547615625 0.146818321875 0.7076925968750001 0.13334181875 0.7214945484374999 0.10938187656250001 0.72890936875 0.0815802515625 0.7299370515625 0.049936943750000004 0.7283345203125 0.0486471921875
1 0.8195779703125 0.2974220453125 0.8147703749999999 0.293552790625 0.8078083906250001 0.256778046875 0.78047336875 0.229582984375 0.7598473968749999 0.224672115625 0.7283716015625 0.23181014531250002 0.6988432484375 0.2599977640625 0.6851332703125 0.2892269953125 0.6891201296875 0.336595459375 0.716547128125 0.3690598140625 0.7780341484375 0.361397934375 0.7981542546875 0.3373277109375 0.8196009640625 0.2987393671875 0.8195779703125 0.2974220453125
1 0.9774008734375 0.3776838328125 0.9706688296875001 0.3540823125 0.9356430609374999 0.33888100468750004 0.8709509765625001 0.3439633796875 0.8396131453125 0.3590053453125 0.822514153125 0.3751164953125 0.8419514843749999 0.40244941250000005 0.8534911234375 0.42992018749999994 0.8663803640625 0.4441901671875 0.92001568125 0.43930078593750005 0.959182221875 0.420169 0.9774698562499999 0.3816358 0.9774008734375 0.3776838328125
1 0.9563521046875 0.5295894718749999 0.9543586749999999 0.5059052390625001 0.928580196875 0.47736528125 0.9077932671875001 0.4632331578125 0.8903493640625 0.45958447187499996 0.8650537593750001 0.45870828281250003 0.84818470625 0.48799265781249995 0.821723453125 0.5108558421875 0.8396732218749999 0.543485621875 0.85718610625 0.5510862765625 0.8967895312499999 0.556983615625 0.931539371875 0.5563770546875 0.9441296906250001 0.5535218421875 0.9565130625 0.538810728125 0.9563521046875 0.5295894718749999
1 0.9921774781250001 0.22852312187499998 0.98579034375 0.2246814390625 0.9755313203125 0.18005790156249998 0.9532108390625 0.16858799375 0.9343023687500001 0.171553490625 0.9217810328124999 0.1783606703125 0.9125797312499999 0.1943339640625 0.9055098218750001 0.241895425 0.9154469296875 0.268076446875 0.9300076828125 0.28758814374999997 0.9617364109375 0.294940659375 0.9742347546874999 0.2868161578125 0.9754233937500001 0.2643941078125 0.9922464609375 0.23247508749999998 0.9921774781250001 0.22852312187499998
1 0.45386981562499995 0.16544451093749998 0.43791347500000005 0.1564989625 0.42527716875 0.1567195296875 0.42218707499999997 0.160726640625 0.4350533203125 0.17367929531249998 0.4492691640625 0.17343115781250001 0.453938796875 0.169396478125 0.45386981562499995 0.16544451093749998
1 0.49740706718750005 0.125152853125 0.4955516015625 0.1093725546875 0.48437986562499996 0.1029789390625 0.4527661046875 0.1022130359375 0.42298481875 0.1159101078125 0.40611576562499996 0.14519447968750002 0.404720178125 0.15576062968749999 0.3785578484375 0.1957490078125 0.391860978125 0.233730790625 0.4315793734375 0.246214740625 0.46433578437499995 0.221923946875 0.4689134421875 0.212619978125 0.47834468281250003 0.20981990781249998 0.49365719218750004 0.181880428125 0.4974530546875 0.127787496875 0.49740706718750005 0.125152853125