2 0.184375 0.23671875 0.1734375 0.3265625
2 0.4015625 0.3625 0.24765625 0.18671875
2 0.6390625 0.36328125 0.19921875 0.2265625
2 0.5875 0.675 0.1625 0.31171875
2 0.75 0.63125 0.1828125 0.26796875
2 0.14453125 0.80546875 0.14609375 0.2015625
2 0.07109375 0.721875 0.13671875 0.196875
1 0.3098782140625 0.707352940625 0.31123139375000003 0.7235294125 0.32476319375 0.73676470625 0.3220568328125 0.76323529375 0.33152909375 0.7779411765625001 0.3721244921875 0.780882353125 0.380243571875 0.78676470625 0.3964817328125 0.7852941171875 0.433017590625 0.7720588234375 0.45060893125 0.7573529406249999 0.46278755 0.7235294125 0.4560216515625 0.707352940625 0.427604871875 0.6794117640625 0.3897158328125 0.675 0.3883626515625 0.6735294125 0.37347767187500003 0.6764705875 0.368064953125 0.682352940625 0.35723951249999997 0.6764705875 0.3518267921875 0.68676470625 0.3301759140625 0.692647059375 0.3098782140625 0.707352940625
1 0.8132611640625 0.44264705937500004 0.8322056828125 0.45 0.8592692828124999 0.4485294125 0.8755074421875 0.4352941171875 0.8917456015624999 0.430882353125 0.9161028421875 0.3794117640625 0.9133964812500001 0.3705882359375 0.9174560218750001 0.357352940625 0.9012178625 0.3279411765625 0.864682003125 0.31176470625 0.8606224625 0.31176470625 0.8335588640625 0.332352940625 0.8159675234374999 0.3647058828125 0.805142084375 0.3720588234375 0.7997293640625001 0.4044117640625 0.8037889046875 0.4279411765625 0.8132611640625 0.44264705937500004
1 0.8998646812500001 0.307352940625 0.910690121875 0.3279411765625 0.9472259812500001 0.33676470625 0.970230040625 0.3338235296875 0.9864682 0.32058823593749997 0.9986468203125 0.3014705875 0.9986468203125 0.275 0.9594046015625001 0.24705882343750002 0.9512855203124999 0.24558823593749998 0.949932340625 0.24558823593749998 0.9350473609375 0.2514705875 0.9133964812500001 0.25 0.897158321875 0.2588235296875 0.8795669828125 0.282352940625 0.883626521875 0.3102941171875 0.8998646812500001 0.307352940625
1 0.49391069062500004 0.2397058828125 0.500676590625 0.25 0.506089309375 0.232352940625 0.51691475 0.232352940625 0.53721245 0.242647059375 0.54939106875 0.2397058828125 0.558863328125 0.230882353125 0.558863328125 0.21911764687500002 0.5696887687500001 0.20147058750000002 0.5723951281249999 0.1661764703125 0.5683355890625 0.13823529375000002 0.5575101484375 0.1044117640625 0.5412719890625 0.0955882359375 0.539918809375 0.0955882359375 0.5047361296874999 0.1147058828125 0.48849797031250003 0.1647058828125 0.48985114999999996 0.1735294125 0.4844384296875 0.1838235296875 0.4857916109375 0.2044117640625 0.49391069062500004 0.2397058828125
1 0.4113667125 0 0.3991880921875 0.007352940625 0.3775372125 0.041176470312500005 0.368064953125 0.067647059375 0.37483085312500003 0.0838235296875 0.368064953125 0.1044117640625 0.3775372125 0.1014705875 0.3829499328125 0.1147058828125 0.3964817328125 0.1235294125 0.40324763125 0.1147058828125 0.43166441093749996 0.10588235312500001 0.45060893125 0.09117647031250001 0.4682002703125 0.0735294125 0.4857916109375 0.044117646875 0.48849797031250003 0.01176470625 0.4844384296875 0 0.47713125781250004 0 0.4113667125 0
1 0.8092016234375 0.93823529375 0.82138024375 0.9720588234375 0.8457374828124999 0.9985294124999999 0.8863328828125001 0.9985294124999999 0.9039242218749999 0.9794117640625 0.9133964812500001 0.9602941171875001 0.9133964812500001 0.9352941171875001 0.8849797015625 0.8794117640625 0.8728010828125001 0.8676470593750001 0.8606224625 0.8661764703125 0.8592692828124999 0.8661764703125 0.8430311234375001 0.875 0.82138024375 0.8794117640625 0.8173207031249999 0.8911764703125 0.805142084375 0.9044117640625 0.8105548031250001 0.9147058828124999 0.8092016234375 0.93823529375