2 0.49296875 0.6390625 0.8171875 0.6421875
0 0.51328125 0.2640625 0.0703125 0.09921875
0 0.63828125 0.2078125 0.06484375 0.10078125
0 0.33046875 0.3921875 0.0875 0.07109375
0 0.3375 0.32890625 0.084375 0.0890625
0 0.32421875 0.4765625 0.0890625 0.05625
0 0.74765625 0.1625 0.06875 0.10234375
0 0.19375 0.3375 0.075 0.09609375
0 0.375 0.25625 0.0796875 0.0890625
0 0.2203125 0.24296875 0.07734375 0.0984375
0 0.121875 0.40859375 0.084375 0.08671875
0 0.5578125 0.0859375 0.04609375 0.11484375
0 0.1796875 0.39140625 0.07578125 0.10625
0 0.60703125 0.05 0.05 0.1
0 0.1171875 0.50234375 0.08515625 0.078125
0 0.471875 0.1015625 0.0484375 0.1125
0 0.27109375 0.25546875 0.04921875 0.10625
0 0.12421875 0.56171875 0.0828125 0.071875
0 0.36953125 0.12890625 0.0625 0.1171875
0 0.32421875 0.20390625 0.07109375 0.1078125
0 0.40859375 0.14921875 0.04609375 0.1
0 0.26875 0.171875 0.04921875 0.08203125
0 0.31875 0.13984375 0.05 0.06875
0 0.4265625 0.07421875 0.04609375 0.084375
0 0.20703125 0.18203125 0.03828125 0.053125
0 0.6515625 0.1796875 0.0359375 0.04375
0 0.46640625 0.3640625 0.0265625 0.028125
0 0.5328125 0.23359375 0.03203125 0.03828125
0 0.60234375 0.0203125 0.034375 0.03984375