2 0.4236499328125 0.2667234 0.470954521875 0.25205567812499996 0.5110851640625 0.21334633749999998 0.5341382140625 0.177648234375 0.5577446765625 0.11180098281249999 0.5603204609375 0.1097651421875 0.53646841875 0.10764425468750001 0.4907867125 0.1315157859375 0.46544080625 0.137566615625 0.3864153546875 0.17206253124999998 0.3495429234375 0.1959624109375 0.33517013281249997 0.2143133375 0.3290656578125 0.229624671875 0.336922028125 0.2408926734375 0.364431775 0.2471135921875 0.3895072 0.2395287953125 0.39925693125 0.2615345765625 0.4236499328125 0.2667234
2 0.5923955375000001 0.5912611484375 0.6262802375 0.5837047 0.6794188218749999 0.552191675 0.74815358125 0.492622040625 0.7626678359375 0.45842955781250005 0.76104495625 0.449225746875 0.74519075 0.4425313015625 0.7252668953125 0.446044415625 0.709541703125 0.45672549843750004 0.6974866671875 0.43828952968749996 0.6733641453125 0.43463467343750006 0.645442453125 0.44272134375 0.627141478125 0.45543826875000004 0.605582290625 0.4829646546875 0.5890332109374999 0.5222609171875 0.5903731624999999 0.56314784375 0.583457246875 0.5738572734375 0.5923955375000001 0.5912611484375
2 0.42189010624999995 0.62290751875 0.44438974687500005 0.6173585625 0.4546928875 0.6092151953125 0.4797807640625 0.5684133140625 0.48901443437500003 0.5209169890625 0.487301484375 0.511202365625 0.4768303828125 0.4851054921875 0.4453924515625 0.47325057187499997 0.4280443796875 0.47472784375000004 0.4102843640625 0.4905127046875 0.3739653421875 0.4842634375 0.341162559375 0.49795575937500003 0.33140037968749997 0.5091670640625 0.33789189999999997 0.54598230625 0.36349583750000003 0.5746825328125 0.4002143546875 0.5998412937500001 0.4060359 0.6162130734375 0.42189010624999995 0.62290751875
2 0.5630840953125 0.6913292296875 0.5609202546875001 0.67905748125 0.5334105078125 0.6728365625 0.540867384375 0.66519506875 0.5288123484375 0.6467590999999999 0.50496030625 0.6446382125000001 0.4653830734375 0.65319840625 0.39259111406249997 0.6897585140625 0.3573415625 0.7228622046875001 0.322233475 0.7401243375 0.310977428125 0.7595073578125 0.48337622031249994 0.73859876875 0.5355618984375 0.71832539375 0.5630840953125 0.6913292296875
2 0.1560432734375 0.8295312875 0.1700041203125 0.8254879515625 0.1995611421875 0.7933880078125 0.23496460937500002 0.7112256734375 0.2333417296875 0.7020218640625 0.22074573281249998 0.68051795625 0.20854923281249999 0.6779235453125 0.18889585625 0.682970628125 0.16706618906249998 0.7089630453125 0.1402264171875 0.7231855890625 0.107282171875 0.7527194703125 0.078266109375 0.78788735 0.0724321140625 0.80473265625 0.083946190625 0.8201006890625001 0.105222446875 0.8242574171875001 0.13368509687500002 0.819238684375 0.1560432734375 0.8295312875
2 0.16357033125 0.273040915625 0.16248841249999998 0.2669050421875 0.14663420625 0.2602105984375 0.13009757500000002 0.266289775 0.0376397890625 0.34111404843750004 0.01689204375 0.373242340625 0.022172628125 0.386546184375 0.038026834375 0.393240628125 0.072182015625 0.3872181484375 0.08857718125 0.396980528125 0.111617784375 0.3944995109375 0.143068165625 0.373137346875 0.1624635125 0.3333392109375 0.16357033125 0.273040915625
1 0.49976235312500006 0.04926840625 0.48037945625 0.0558494578125 0.4753569015625 0.0772966671875 0.5043480640625 0.10856295468749999 0.56547203125 0.10569345781249999 0.5826910875 0.08684066093750001 0.5813386875 0.07917081718749999 0.5763285812500001 0.06740094375 0.5471959546875 0.051976214062500005 0.49976235312500006 0.04926840625
1 0.37061094843750003 0.03249975 0.362742128125 0.054448834375 0.37086897812499997 0.06725080312500001 0.3960734203125 0.07704153281250001 0.4359211328125 0.07001530624999999 0.44433091406249997 0.051134159375 0.44270803281250004 0.0419303484375 0.428888653125 0.0301321265625 0.3982621609375 0.0228791109375 0.37061094843750003 0.03249975
1 0.5814428031250001 0.1629805125 0.5504043656250001 0.1700350890625 0.531150484375 0.19399166406249999 0.5357486453125 0.2200691296875 0.5768072921875 0.236554303125 0.588462834375 0.236080778125 0.6044585046875001 0.2269336640625 0.6205956406250001 0.20194499062500001 0.6181613203125 0.1881392765625 0.59987279375 0.167639115625 0.5814428031250001 0.1629805125
1 0.6464700578125 0.232179184375 0.6253228171874999 0.2453979828125 0.6430703828125 0.2628302046875 0.6848114562500001 0.2665417578125 0.7243886875000001 0.25798156250000004 0.744183528125 0.23709292343750002 0.7433720890625 0.2324910171875 0.718167646875 0.2227002875 0.6743917500000001 0.2240925140625 0.6464700578125 0.232179184375
1 0.8098015437500001 0.17649119375 0.7507123984375 0.1742569125 0.7031373296875 0.1873906640625 0.674262734375 0.20671698749999998 0.6727688703125 0.21488870312500002 0.686047290625 0.2236189890625 0.7332104125 0.22479282656250002 0.7694004203125 0.2136665671875 0.8129058390624999 0.210740371875 0.8232089796875 0.2025970046875 0.8215861 0.19339319531250002 0.8098015437500001 0.17649119375
1 0.8288766109375001 0.2680274265625 0.8481304921874999 0.2440708515625 0.84623713125 0.2333330703125 0.8284895656250001 0.21590084843750001 0.7716932765625 0.2433138421875 0.7779143171875 0.27859511718749996 0.796073828125 0.28171975 0.8288766109375001 0.2680274265625
1 0.49462323281250004 0.02012300625 0.46317285 0.041485171875 0.45679789531250004 0.055262540625 0.46953535625000004 0.060924887500000004 0.4994918734375 0.0477344390625 0.5461140343750001 0.045840340624999996 0.5630626109375 0.025453573437499998 0.56347455625 0.011145984375 0.563204075 0.009612015625000001 0.5390815546875001 0.0059571609375 0.49462323281250004 0.02012300625
1 0.102342246875 0.19210071875 0.0698099453125 0.2073270109375 0.059094859374999996 0.229777965625 0.0696560296875 0.2563856515625 0.08889746093749999 0.265646159375 0.11763059375 0.2621613953125 0.1310504796875 0.2550501234375 0.1469171359375 0.2285274828125 0.145159015625 0.2185566875 0.1329687390625 0.1993537328125 0.102342246875 0.19210071875
1 0 0.17471095781249998 0.0081574671875 0.1739114859375 0.0412307265625 0.16175313281249998 0.06644761875 0.1383267765625 0.06509521874999999 0.1306569359375 0.06374281875 0.1229870921875 0.0481590921875 0.11782661718750001 0.014003909375000002 0.12384909687500001 0 0.12899719999999998 0 0.17471095781249998
1 0.8184071046874999 0.3584465203125 0.8085159093750001 0.3522823 0.786969171875 0.3465916015625 0.7613527859375 0.3511084625 0.73748829375 0.38220465937500003 0.7476375203125001 0.4231199359375 0.7572582359375 0.42775018906250006 0.7826041421875 0.4216993609375 0.8143250046875 0.4018711625 0.8230052656250001 0.3845239859375 0.8214724546875001 0.37583098593750003 0.8184071046874999 0.3584465203125
1 0.6958762375 0.39586863437500003 0.6863969859375 0.3753968203125 0.6697313406250001 0.364100471875 0.647502178125 0.3711833953125 0.640045303125 0.3788248890625 0.58623674375 0.3898944515625 0.5721344328125 0.4097793453125 0.57402779375 0.42051712343750003 0.5943511453125 0.43591350625 0.6337869125 0.44319486875 0.6728231859375 0.43156673593750006 0.698040078125 0.40814038124999996 0.6958762375 0.39586863437500003
1 0.268241584375 0.5171403406249999 0.2809790453125 0.5228026906250001 0.31513422812499997 0.516780209375 0.3731539015625 0.47966153125 0.3726129421875 0.4765935953125 0.3442917546875 0.4657707703125 0.3078312671875 0.47536306093749997 0.27149979375 0.502330878125 0.268241584375 0.5171403406249999
1 0.2442978765625 0.397992675 0.23982873124999998 0.3892907359375 0.19835814062499998 0.387113153125 0.2028272859375 0.39581508906249996 0.1726002890625 0.40747157031250003 0.16283810781250002 0.418682875 0.174081703125 0.4325169390625 0.2316769828125 0.442922934375 0.25417662343749997 0.43737398125000004 0.2747829046875 0.421087246875 0.272348584375 0.40728152968750003 0.2442978765625 0.397992675
1 0.46661439062500004 0.26072926875 0.388953790625 0.26967794375 0.37349908125 0.28189299375 0.373628096875 0.2992685203125 0.395715790625 0.3080271546875 0.444913740625 0.3040972125 0.4785279625 0.295006796875 0.49167736875 0.28636155625000004 0.5019805093749999 0.2782181875 0.4912778734375 0.2674520609375 0.46661439062500004 0.26072926875
1 0.1827744140625 0.3819526765625 0.197417684375 0.365135721875 0.1959300453125 0.35669889375 0.18035254375 0.3349298765625 0.16558025781250002 0.33437130625 0.1413038203125 0.37977509375 0.1656968234375 0.3849639171875 0.1827744140625 0.3819526765625
1 0.08884766250000001 0.39851449687499996 0.072182015625 0.3872181484375 0.032604784375 0.39577834218749997 0.023113084375000002 0.40852361562499995 0.0343566796875 0.42235768125 0.08517750625 0.42763154999999997 0.1236728203125 0.41293548125 0.12720150937500002 0.39965998593749996 0.12666055 0.3965920484375 0.12300284531250001 0.39249201718750004 0.08884766250000001 0.39851449687499996
1 0 0.45135488281249997 0.0016829125000000001 0.4534255296875 0.0454588109375 0.4520333015625 0.071757621875 0.43474282343750004 0.071487140625 0.433208853125 0.058208721875 0.42447856875 0.02839366875 0.42182745937500005 0.024195003125 0.4146594890625 0.0014248828125 0.4186744765625 0 0.4213875140625 0 0.45135488281249997
1 0.1847843390625 0.4432830671875 0.165942403125 0.4529320546875 0.1603788875 0.471311328125 0.18097271875 0.4882416765625 0.2472482578125 0.481300496875 0.25131790781249996 0.47109293750000003 0.2507769484375 0.4680250015625 0.242650096875 0.45522303124999997 0.20782494062499998 0.44080205 0.1847843390625 0.4432830671875
1 0.18720620937500002 0.49030586718749997 0.1629422234375 0.5024925703124999 0.14680508750000001 0.5274812421874999 0.1710566234375 0.548511625 0.1798659 0.548539971875 0.20928145625 0.5322815859375 0.20318943125 0.5143758375 0.2170212625 0.4929569765625 0.219597046875 0.490921134375 0.2084824671875 0.49446259687499994 0.18720620937500002 0.49030586718749997
1 0.18526305 0.6124364250000001 0.16195196875 0.6133834765625 0.12426809531250001 0.63268145 0.12751385625 0.651089071875 0.168302025 0.6660402765625 0.197576115625 0.6656234484375 0.23688286875000003 0.6555292859375 0.243257825 0.6417519171875 0.2427168640625 0.6386839796875 0.23377857343750003 0.62128010625 0.18526305 0.6124364250000001
1 0.6433204796875 0.6803447140625 0.6084828734375 0.6991408140625001 0.6101057546875001 0.708344625 0.629347184375 0.7176051328125 0.6563159703125 0.7207581140625 0.6990099484375001 0.7132300140625001 0.73181273125 0.6995376921875 0.7337185421875 0.6770583859375 0.7334480609375 0.67552441875 0.6860144578125 0.6728166140625 0.6433204796875 0.6803447140625
1 0.83257618125 0.5220225765625 0.824307865625 0.525062165625 0.8037015843749999 0.5413489 0.805994440625 0.5709961734375 0.8442068234375 0.5879832203124999 0.8703641703124999 0.5865342984375 0.8860893609374999 0.575853215625 0.884337465625 0.5492738765625 0.8824441046875 0.5385360984374999 0.8688952046875 0.52827184375 0.83257618125 0.5220225765625
1 0.83572234375 0.8061668734375 0.831511228125 0.8322159890625 0.8758280859375001 0.8338917 0.907137003125 0.8283710921875 0.9393988265625 0.8116108343749999 0.9449623421875 0.7932315609375 0.9475381265625 0.7911957187499999 0.924368509375 0.7763012093749999 0.8757115203125 0.7832990875 0.83572234375 0.8061668734375
1 0.8253150874999999 0.7305005453125 0.8026739812500001 0.751891059375 0.8280074374999999 0.779057315625 0.8557876640625001 0.7868122015625 0.8925186328124999 0.77875388125 0.8988935874999999 0.7649765125 0.8975411875000001 0.7573066703125 0.8789821812499999 0.735272540625 0.85404821875 0.72701578125 0.8253150874999999 0.7305005453125
1 0.6895974640625 0.8762191500000001 0.6666983281250001 0.8628586109375 0.648538815625 0.859733978125 0.62630965625 0.8668169015625 0.612477825 0.8882357640625 0.61680550625 0.9127792578125 0.6272376609375 0.92201141875 0.6430918671875 0.9287058609375001 0.666673428125 0.9292927796875 0.694736584375 0.9053645515625 0.693023634375 0.8956499296875 0.6895974640625 0.8762191500000001
1 0.9389744312499999 0.8591355078125 0.9149809250000001 0.872856178125 0.8916573921875001 0.9070203125 0.9065586937500001 0.924954409375 0.9298697765625 0.9240073593749999 0.9518284578125 0.9153904671875001 0.9770453484375 0.8919641109375 0.9851846500000001 0.8715489968749999 0.9841027296875 0.8654131234375001 0.9614740734374999 0.8535865515625 0.9389744312499999 0.8591355078125
1 0.7707743046875 0.8872120656250001 0.7169657468749999 0.8982816281250001 0.6847039234375 0.9150418874999999 0.68578584375 0.9211777624999999 0.707873540625 0.9299363968750001 0.7319960625 0.9335912515624999 0.7635754593749999 0.9296046125 0.7938024578125 0.91794813125 0.7923599875 0.9097674781249999 0.7894747765625 0.8934046375 0.7707743046875 0.8872120656250001
1 0.8664405015625001 0.9304466671875 0.8808132921875 0.9120957437499999 0.8800018515625 0.9074938375 0.862524765625 0.8915955828125 0.803023678125 0.9036688906249999 0.8026117328125 0.91797648125 0.8226646046875 0.93183889375 0.8664405015625001 0.9304466671875
1 0.8884240828125 0.8553956062499999 0.888153603125 0.8538616375 0.8699940906249999 0.850737003125 0.8136097484375 0.8638424078125 0.8142921734374999 0.8510687875 0.8057533781249999 0.8525744078124999 0.782841790625 0.8724309515625001 0.7778316859375 0.8606610765625 0.7694219046875 0.879542225 0.7798540609375 0.888774384375 0.8104805531249999 0.8960273984375 0.8596785 0.8920974562499999 0.8857068328125 0.87327300625 0.8884240828125 0.8553956062499999
1 0.6577973859374999 0.7458034828125 0.6042593093749999 0.7584070140625 0.573208421875 0.7986786734375 0.5849929781250001 0.815580675 0.6805426078125 0.808222665625 0.7088762453124999 0.7858284062500001 0.7080648046875 0.7812265 0.69194011875 0.7729980890625 0.6855776140625001 0.7535583703125 0.6577973859374999 0.7458034828125
1 0.5296162437499999 1 0.5860126484375 0.987801971875 0.59319904375 0.9786265078125 0.591305684375 0.9678887296875001 0.5570214859375 0.9565356828124999 0.5246306484375001 0.9559204156250001 0.4850534171875 0.9644806125000001 0.46471761562499997 0.9823013140624999 0.473114946875 0.9966372531250001 0.4868106 1 0.5296162437499999 1
1 0.4084996375 0.9131309921874999 0.363500353125 0.9242289015624999 0.3508919078125 0.935942078125 0.35563153281250004 0.9461779859374999 0.37148573906250004 0.9528724296875 0.4271876578125 0.9525406453124999 0.441418984375 0.9500312796875001 0.467447315625 0.9312068312499999 0.46690635625 0.9281388921874999 0.4505111890625 0.9183765109375001 0.4084996375 0.9131309921874999
1 0.37136917343750003 0.9022798171874999 0.387764340625 0.9120421984375 0.43154023906249994 0.9106499734375 0.44211385937500003 0.904040575 0.44130241875 0.89943866875 0.420167628125 0.8794403828125 0.393198840625 0.8762874 0.371240159375 0.8849042921875 0.37136917343750003 0.9022798171874999
1 0.35296408281249997 0.8311870484374999 0.376674659375 0.8491494921875 0.3919879046875 0.8527760000000001 0.41706333281249997 0.845191203125 0.41571093125 0.8375213609375001 0.40704312187499997 0.8216514546875 0.38129771875 0.8087927875 0.34836592187500004 0.8051095828125 0.35296408281249997 0.8311870484374999
1 0.2843956890625 0.8084809546875 0.2675885765625 0.8130261624999999 0.2532157859375 0.8313770890625 0.2767848984375 0.865181090625 0.30687043125 0.8693661687500001 0.342248996875 0.8536380031249999 0.340626115625 0.8444341937500001 0.318138925 0.8167660640625 0.30363711875 0.8177414640625 0.2843956890625 0.8084809546875
1 0.23993736562499998 0.822646803125 0.22300123906249997 0.809816484375 0.19941967656249998 0.809229565625 0.18545883125 0.8132729015625 0.16485255000000001 0.8295596359375 0.15035074375 0.830535034375 0.13449653749999999 0.8238405906249999 0.1107735125 0.8390952296874999 0.11578361718750001 0.8508651031250001 0.167415884375 0.8607408781249999 0.2209539640625 0.848137346875 0.241289765625 0.83031664375 0.23993736562499998 0.822646803125
1 0.152502134375 0.8760238656249999 0.147479578125 0.8974710765625 0.1692967953125 0.9046957421874999 0.2264925796875 0.8961922437500001 0.25129752656250004 0.887073478125 0.2685165828125 0.8682206796875 0.26743466250000003 0.8620848046875 0.2368081703125 0.854831790625 0.190997446875 0.8613277968749999 0.152502134375 0.8760238656249999
1 0.1812103671875 0.9389732703125 0.162226965625 0.9644638140625 0.1688599515625 0.9854375015624999 0.187560421875 0.9916300703125 0.21006006406250002 0.986081115625 0.25249601250000003 0.9438019625 0.2506026515625 0.9330641828124999 0.2487092921875 0.9223264046875 0.2302793 0.9176678015625 0.1812103671875 0.9389732703125
1 0.2656728578125 1 0.2824276296875 0.99704568125 0.301951990625 0.9746230734375001 0.302634415625 0.961849453125 0.3052102015625 0.9598136109375 0.285427809375 0.947485165625 0.27119648281250003 0.9499945328124999 0.2451681515625 0.9688189828124999 0.23594693125 0.9830982234375 0.246378765625 1 0.2656728578125 1
1 0.37341049375 1 0.3839402703125 0.99021789375 0.3831288296875 0.9856159890624999 0.3576539078125 0.9742912921875 0.3271564328125 0.984413803125 0.3209423734375 1 0.37341049375 1
1 0.46196885468750004 1 0.4611889265625 0.9955768078125 0.41728401249999997 0.9795935078125 0.39193810625 0.9856443374999999 0.37744094375000004 1 0.46196885468750004 1
1 0.31357811406249997 0.6910373484375001 0.3459689515625 0.6916526140625 0.34746281562500003 0.6834808984375 0.36833957812499996 0.6687281328125 0.3709153625 0.666692290625 0.3458523859375 0.641060003125 0.3045108078125 0.656257946875 0.297182946875 0.6812749671875 0.31357811406249997 0.6910373484375001
1 0.2264382640625 0.6795142109375 0.2368579703125 0.7219634546875 0.2738594171875 0.7154391015625 0.3024635328125 0.694578809375 0.29271380156250004 0.672573028125 0.298818278125 0.65726169375 0.3013940625 0.6552258515625 0.2881156421875 0.646495565625 0.26792130625 0.6484747093750001 0.2264382640625 0.6795142109375
1 0.4977241109375 0.7866820125 0.5065458359375 0.7534932750000001 0.5060048765625 0.7504253390625 0.47253211874999995 0.7436741984374999 0.45084391874999996 0.753825059375 0.42238126718749996 0.7588437921875 0.39269522968750004 0.773568209375 0.3897075 0.7899116421875 0.4458089140625 0.8084893531249999 0.480234575 0.8040008421874999 0.478882175 0.796331 0.4677675953125 0.7998724609375001 0.46410989062499997 0.7957724296875 0.484304225 0.793793284375 0.4977241109375 0.7866820125
1 0 0.5271004875 0.0069261484375 0.5663806250000001 0.038235065624999995 0.5608600171875 0.04176375625 0.547584525 0.0400056359375 0.5376137296875 0.019958989062499998 0.5071427734375 0 0.5106620828125 0 0.5271004875
1 0.5749603171875 0.8252580109375 0.5741488765625 0.8206561046875 0.5694092515625 0.8104202 0.5368893984375 0.7924294062499999 0.5184594078125 0.787770803125 0.501652296875 0.7923160124999999 0.498252621875 0.8229670328124999 0.5253504234374999 0.8434955421874999 0.5378174046875001 0.8476239234375 0.55204873125 0.8451145562500001 0.55950560625 0.8374730625 0.5660095765625 0.8410712203124999 0.5592351265625 0.8359390937500001 0.5749603171875 0.8252580109375