2 0.75234375 0.825 0.3328125 0.184375
2 0.63359375 0.603125 0.1953125 0.253125
2 0.64140625 0.365625 0.2328125 0.2078125
2 0.328125 0.40625 0.31875 0.1734375
2 0.37734375 0.2453125 0.275 0.1921875
2 0.18203125 0.84453125 0.20625 0.153125
2 0.26328125 0.92109375 0.2015625 0.14375
1 0.32125774375 0.6041095734375 0.318170975 0.566089646875 0.2912385515625 0.5367150453125 0.275308059375 0.5293887171875 0.2410801078125 0.5403794921875 0.2257692546875 0.5574468890625 0.211266940625 0.5934985859374999 0.20923054375 0.60967553125 0.21482596250000002 0.61799495625 0.21634858750000002 0.658668271875 0.23071493437499999 0.6686479890625 0.2572638484375 0.6668670875 0.2700188265625 0.68085255 0.28613821875 0.68276945625 0.3015435203125 0.6629973484375 0.3081778953125 0.64156495 0.31865464375 0.6365147875 0.3131536765625 0.6254906499999999 0.3192213484375 0.62028651875 0.32268020937499997 0.605513253125 0.32125774375 0.6041095734375
1 0.70084784375 0.14210946875 0.6859563109375 0.10503131562500001 0.6571291671874999 0.0877765921875 0.643760259375 0.0913717546875 0.63503655625 0.0883591046875 0.5827472671875 0.11090521093750001 0.5777714859375 0.126979509375 0.5639775499999999 0.142745871875 0.561563353125 0.1697416625 0.5682506593750001 0.1889312546875 0.58261700625 0.198910971875 0.605990409375 0.2037892046875 0.63851254375 0.1995088828125 0.6462388078125 0.18894665156249998 0.6791859703124999 0.1724951296875 0.70070616875 0.1461665359375 0.70084784375 0.14210946875
1 0.7700064203125 0.057868232812499996 0.76882008125 0.049702775 0.742265459375 0.009509328124999999 0.7158109968749999 0.00858551875 0.6962799671875 0.0200895234375 0.6824860312500001 0.0358558859375 0.6787438171875 0.0587432859375 0.6862868890625 0.09556482656250001 0.7064847796875 0.107102190625 0.7029786921875 0.12322781249999999 0.730761171875 0.12826001250000002 0.7548901781249999 0.111500553125 0.7642750359375 0.0955802234375 0.7635609484375 0.073891209375 0.7699591953125 0.059220589062499995 0.7700064203125 0.057868232812499996
1 0.9056057796875001 0.47286692031250005 0.8973543296875001 0.45633071562499994 0.8639292062499999 0.44433144531249996 0.8361467265625 0.439299246875 0.800779659375 0.44077220937500006 0.7827655484375 0.45097518281250004 0.7710080078125 0.4505646 0.7618592765625001 0.459723153125 0.7584948640625 0.47179170625 0.7680743328124999 0.49243630156249996 0.7676965296875 0.5032551484375001 0.74987131875 0.5080486953125 0.7599230390625 0.515169734375 0.79491230625 0.5245156140625 0.8154407734375001 0.526586490625 0.8259175203125 0.5215363265625 0.83468845 0.52319661875 0.8852246953125 0.5087133265625 0.9055585531249999 0.474219275 0.9056057796875001 0.47286692031250005
1 0.9068507625000001 0.5636287171875 0.8914926828124999 0.5820484687499999 0.881682796875 0.61014 0.872628515625 0.616593840625 0.8809744187499999 0.630425334375 0.8940127499999999 0.6362966625 0.8907427875 0.64566050625 0.91155460625 0.639617246875 0.927485096875 0.646943575 0.9542701375 0.638400896875 0.9888286671875001 0.6179436296875 0.99660215625 0.6060290421875 0.99889730625 0.540304559375 0.999152321875 0.5330018390625 0.987536459375 0.5285341890625 0.9551087765625 0.5301097984375 0.9251009984375 0.5466639671875 0.9068507625000001 0.5636287171875
1 0.14663213749999998 0.12681784375 0.145587471875 0.1145953203125 0.1342549609375 0.1020135375 0.07939838125000001 0.07166380312500001 0.0544136109375 0.07079131562499999 0.034977032812499996 0.0795906078125 0.0152571015625 0.096504034375 0.013840342187499998 0.13707470625 0.039444751562500005 0.1623409171875 0.0728226484375 0.1756925421875 0.0963849515625 0.17516135156249998 0.10648389843749999 0.1809300328125 0.12013615625 0.1692207375 0.132035371875 0.16557425312500001 0.137200053125 0.14409053125 0.14658491093749998 0.12817019999999998 0.14663213749999998 0.12681784375