2 0.45 0.87265625 0.1359375 0.1
2 0.59453125 0.83671875 0.1125 0.078125
2 0.5484375 0.78671875 0.109375 0.1046875
2 0.48984375 0.6859375 0.1015625 0.078125
2 0.4640625 0.64453125 0.09375 0.090625
2 0.51640625 0.40546875 0.1421875 0.115625
2 0.8703125 0.4546875 0.1046875 0.0859375
2 0.69140625 0.38359375 0.0828125 0.0953125
2 0.75 0.40390625 0.096875 0.0921875
2 0.92421875 0.2890625 0.1 0.0796875
2 0.93203125 0.1734375 0.0828125 0.08125
2 0.83671875 0.134375 0.075 0.075
2 0.87734375 0.15390625 0.065625 0.090625
2 0.7234375 0.2640625 0.10625 0.0890625
2 0.5828125 0.29921875 0.0671875 0.0859375
2 0.634375 0.19375 0.0890625 0.0796875
2 0.71015625 0.1296875 0.1203125 0.06875
2 0.74140625 0.09765625 0.09375 0.06875
2 0.49921875 0.24453125 0.1015625 0.0671875
2 0.52421875 0.21171875 0.0984375 0.078125
2 0.1125 0.7671875 0.1125 0.1109375
2 0.07109375 0.7328125 0.1078125 0.0765625
2 0.109375 0.6625 0.10625 0.090625
2 0.05 0.60703125 0.1 0.0828125
2 0.065625 0.3515625 0.084375 0.096875
2 0.16328125 0.18984375 0.078125 0.09375
2 0.125 0.146875 0.0953125 0.103125