2 0.32578125 0.840625 0.0953125 0.1640625
2 0.42109375 0.73984375 0.125 0.1
2 0.2640625 0.5890625 0.103125 0.1796875
2 0.1375 0.33203125 0.1140625 0.1140625
2 0.31796875 0.16484375 0.1375 0.1234375
2 0.3046875 0.0578125 0.14375 0.115625
2 0.44296875 0.2765625 0.140625 0.178125
2 0.61484375 0.21171875 0.1359375 0.184375
2 0.88203125 0.41015625 0.153125 0.1375
2 0.87421875 0.903125 0.1015625 0.1234375
0 0.4875 0.80859375 0.0234375 0.025
0 0.28828125 0.39140625 0.01875 0.0265625
0 0.66796875 0.384375 0.01875 0.021875