2 0.202166065625 0.5936395765625 0.2454873640625 0.6113074203125 0.2671480140625 0.6077738515625 0.2707581234375 0.58303886875 0.2274368234375 0.487632509375 0.19855595625 0.4487632515625 0.169675090625 0.43462897500000003 0.1624548734375 0.43462897500000003 0.137184115625 0.4593639578125 0.1407942234375 0.487632509375 0.1299638984375 0.47703180156249997 0.1010830328125 0.48409894062500003 0.10830324843750001 0.515901059375 0.202166065625 0.5936395765625
1 0.06137184062499999 0.1731448765625 0.1010830328125 0.1519434625 0.1227436828125 0.12367491093750001 0.1191335734375 0.084805653125 0.0974729234375 0.07067137812499999 0.0794223828125 0.07067137812499999 0.0433213 0.0954063609375 0.0252707578125 0.13074205 0.0252707578125 0.1519434625 0.0433213 0.16254417031249999 0.050541515625 0.15547703125 0.06137184062499999 0.1731448765625
1 0.23465703906250002 0.12720848125 0.20577617343750002 0.0954063609375 0.19855595625 0.0954063609375 0.1624548734375 0.14840989375 0.16606498125 0.19081272031250002 0.191335740625 0.208480565625 0.22382671406250002 0.197879859375 0.24187725625 0.1731448765625 0.23465703906250002 0.12720848125
1 0.3212996390625 0.084805653125 0.2707581234375 0.060070671875 0.25631768906249996 0.060070671875 0.23465703906250002 0.074204946875 0.22382671406250002 0.0989399296875 0.2382671484375 0.12720848125 0.2888086640625 0.14840989375 0.3212996390625 0.14134275624999998 0.3212996390625 0.084805653125
1 0.180505415625 0.0424028265625 0.1552346578125 0.0424028265625 0.1227436828125 0.074204946875 0.1299638984375 0.14134275624999998 0.1624548734375 0.13780918749999999 0.1949458484375 0.0954063609375 0.1949458484375 0.056537103125 0.180505415625 0.0424028265625
1 0.4729241875 0.17667844531250002 0.4729241875 0.12720848125 0.48736462031250005 0.084805653125 0.465703971875 0.056537103125 0.465703971875 0.074204946875 0.4476534296875 0.07067137812499999 0.45848375468749997 0.077738515625 0.43321299687500003 0.088339221875 0.389891696875 0.017667843750000002 0.36823104687499997 0.017667843750000002 0.346570396875 0.035335689062499995 0.32851985625 0.081272084375 0.3321299640625 0.13780918749999999 0.3862815890625 0.17667844531250002 0.45848375468749997 0.1872791515625 0.4729241875 0.17667844531250002
1 0.465703971875 0 0.45848375468749997 0.0282685515625 0.48736462031250005 0.074204946875 0.5270758125 0.0459363953125 0.5379061375 0 0.5198555953125 0 0.465703971875 0
1 0.851985559375 0.1024734984375 0.797833934375 0.067137809375 0.7942238265625 0.063604240625 0.7653429609375 0.074204946875 0.75812274375 0.1060070671875 0.77978339375 0.12720848125 0.830324909375 0.14134275624999998 0.851985559375 0.12720848125 0.851985559375 0.1024734984375
1 0.9963898921875 0.3321554765625 0.9819494578124999 0.3038869265625 0.9638989171875 0.3038869265625 0.945848375 0.3215547703125 0.93501805 0.367491165625 0.93501805 0.4028268546875 0.9638989171875 0.4204947 0.9963898921875 0.39575971718749997 0.9963898921875 0.3321554765625
1 0.9386281593750001 0.3392226140625 0.9314079421875 0.31095406406250004 0.9061371843750001 0.28975265 0.9025270765625001 0.28975265 0.8808664265624999 0.3038869265625 0.8700361015625001 0.3392226140625 0.8808664265624999 0.3851590109375 0.9025270765625001 0.39575971718749997 0.924187725 0.3886925796875 0.9386281593750001 0.3392226140625
1 0.8483754515624999 0.35335689062500003 0.8339350187499999 0.3286219078125 0.79061371875 0.3038869265625 0.7653429609375 0.3038869265625 0.7545126359375 0.31448763281250003 0.7545126359375 0.3038869265625 0.7472924187500001 0.3215547703125 0.7653429609375 0.3851590109375 0.81227436875 0.4028268546875 0.8375451265624999 0.3992932859375 0.8483754515624999 0.3851590109375 0.8483754515624999 0.35335689062500003
1 0.7472924187500001 0.498233215625 0.7942238265625 0.4699646640625 0.7942238265625 0.43816254375 0.7617328515625 0.4134275625 0.7617328515625 0.3992932859375 0.75812274375 0.3992932859375 0.7436823109375 0.41696113125 0.71480144375 0.4204947 0.6895306859375 0.4416961125 0.68231046875 0.4593639578125 0.7003610109375 0.487632509375 0.7472924187500001 0.498233215625
1 0.5595667875 0.4522968203125 0.5234657046875 0.4558303890625 0.5126353796875 0.44522968125 0.49097472968750006 0.44522968125 0.454873646875 0.494699646875 0.4620938625 0.5265017671875001 0.49097472968750006 0.5371024734375001 0.5270758125 0.5300353359375001 0.5703971125 0.487632509375 0.5595667875 0.4522968203125
1 0.631768953125 0.650176678125 0.6173285203125001 0.6219081265625 0.5740072203125 0.5936395765625 0.5703971125 0.5936395765625 0.545126353125 0.6183745578125001 0.5487364625 0.653710246875 0.577617328125 0.6890459359375 0.6137184109375 0.6961130734375 0.6353790609375001 0.6749116609375 0.631768953125 0.650176678125
1 0.3610108296875 0.5583038874999999 0.39350180468749996 0.5229681984375001 0.41155234687500003 0.47703180156249997 0.38267147968750004 0.4699646640625 0.3537906140625 0.42402826875 0.3501805046875 0.42402826875 0.29602888125 0.44522968125 0.2599277984375 0.498233215625 0.2671480140625 0.5300353359375001 0.27436823125 0.5265017671875001 0.314079421875 0.56890459375 0.3610108296875 0.5583038874999999
1 0.202166065625 0.6678445234375 0.1407942234375 0.6254416968750001 0.1227436828125 0.6254416968750001 0.0902527078125 0.6643109546875 0.093862815625 0.6819787984375 0.1407942234375 0.72084805625 0.202166065625 0.724381625 0.212996390625 0.71024735 0.202166065625 0.6678445234375
1 0.46931407968750005 0.6961130734375 0.43682310468749996 0.6784452296875 0.422382671875 0.6784452296875 0.379061371875 0.6855123671875 0.3501805046875 0.7173144875 0.3501805046875 0.7455830390625 0.40072202187499995 0.7526501765625 0.454873646875 0.7349823328125 0.46931407968750005 0.6961130734375
1 0.7617328515625 0.6643109546875 0.75812274375 0.632508834375 0.7689530687499999 0.6148409890625001 0.7328519859375 0.57597173125 0.72563176875 0.57597173125 0.70397111875 0.5901060078125 0.685920578125 0.639575971875 0.6895306859375 0.6749116609375 0.71480144375 0.6961130734375 0.7400722015625 0.6890459359375 0.7617328515625 0.6643109546875
1 0.841155234375 0.5936395765625 0.8339350187499999 0.58303886875 0.8050541515624999 0.5795053 0.7942238265625 0.5795053 0.7761732859375 0.5936395765625 0.7653429609375 0.653710246875 0.77978339375 0.6819787984375 0.8014440437499999 0.6819787984375 0.8375451265624999 0.657243815625 0.841155234375 0.5936395765625
1 0.357400721875 0.8233215546875 0.33935018125 0.802120140625 0.314079421875 0.802120140625 0.2888086640625 0.8339222609375 0.292418771875 0.8869257953125 0.314079421875 0.9045936390625 0.3429602890625 0.9010600703125 0.357400721875 0.8692579500000001 0.357400721875 0.8233215546875
1 0.4620938625 0.8197879859375 0.4404332125 0.798586571875 0.4151624546875 0.798586571875 0.38267147968750004 0.8127208484375 0.36462093906250004 0.8409894 0.36462093906250004 0.8833922265625 0.38267147968750004 0.9010600703125 0.454873646875 0.8692579500000001 0.4620938625 0.8197879859375
1 0.2274368234375 0.918727915625 0.24187725625 0.8798586578125001 0.22021660625 0.85865724375 0.191335740625 0.85865724375 0.1552346578125 0.8692579500000001 0.1407942234375 0.8869257953125 0.1335740078125 0.922261484375 0.1516245484375 0.939929328125 0.1949458484375 0.936395759375 0.2274368234375 0.918727915625
1 0.2996389890625 0.918727915625 0.29602888125 0.8975265015625 0.28519855625 0.8904593640625 0.28519855625 0.85865724375 0.25631768906249996 0.8409894 0.24187725625 0.8409894 0.23104693125 0.85159010625 0.2454873640625 0.8833922265625 0.2382671484375 0.915194346875 0.2490974734375 0.932862190625 0.2779783390625 0.943462896875 0.2996389890625 0.918727915625
1 0.620938628125 0.9469964671875 0.6173285203125001 0.943462896875 0.566787003125 0.9575971734375001 0.5631768953125 0.99646643125 0.675090253125 0.9929328625 0.675090253125 0.9717314484375 0.6570397109375 0.9540636046875001 0.620938628125 0.9469964671875
1 0.8664259921875 0.939929328125 0.8339350187499999 0.9681978796875 0.8447653421875 0.98939929375 0.8989169671875 0.98233215625 0.9025270765625001 0.9505300359375 0.8880866421875 0.939929328125 0.8664259921875 0.939929328125
1 0.9566787 0.915194346875 0.9422382671875 0.915194346875 0.9061371843750001 0.9540636046875001 0.9061371843750001 0.99646643125 0.9819494578124999 0.99646643125 0.9927797828125 0.98233215625 0.9963898921875 0.929328621875 0.9566787 0.915194346875
1 0.039711190625 0.8975265015625 0.0288808671875 0.915194346875 0.036101082812500004 0.9505300359375 0.0794223828125 0.9717314484375 0.07220216562500001 0.911660778125 0.054151625 0.8975265015625 0.039711190625 0.8975265015625