2 0.59296875 0.68671875 0.4828125 0.29375
2 0.66171875 0.4453125 0.44375 0.278125
1 1 0.67822773125 0.9757957984375001 0.63367245625 0.9639773249999999 0.6225479078125 0.9513198984375 0.6236660796875 0.9207652281250001 0.6403427671874999 0.8994726999999999 0.6632721734375 0.8892444640624999 0.6934461796875 0.8893263296875 0.7269848343749999 0.9137598484374999 0.7450525453125 0.9098193890624999 0.7578981375 0.9373967984375 0.76730164375 0.9562572406250001 0.7649777265625 0.9676576890625 0.7573929734375 1 0.7488374515625 1 0.73646461875 0.9959498015625 0.7290764359375 1 0.714751475 1 0.67822773125
1 0.8883602312500001 0.7634115578125 0.88043983125 0.747502753125 0.8728979734375001 0.708703259375 0.8475436375 0.6693396125 0.8243247125 0.6657998187499999 0.7909199328125001 0.6843726953125 0.7802312859375 0.7038987328124999 0.794060921875 0.7253698125 0.7688279375 0.7611448109375 0.7747371750000001 0.766707084375 0.7833693765625 0.794557175 0.7936371 0.805983159375 0.8114071953125 0.8146086468749999 0.8459841890625001 0.8186250218750001 0.8804369328125 0.7971640765625 0.8869337249999999 0.7891903140625 0.8893658125 0.7685848234375 0.8883602312500001 0.7634115578125
1 0.790456625 0.7233860515625 0.7827452390625 0.716831896875 0.7811521031249999 0.7251946671875 0.76929124375 0.7221314546875 0.7493828390624999 0.7273434375 0.739826921875 0.7278587390625 0.7323669296875 0.7225979 0.7168593921874999 0.725612259375 0.64728448125 0.74853153125 0.63483606875 0.7590043546875 0.6442648390625 0.782673059375 0.6548263390625 0.7873310250000001 0.676494509375 0.7911722546875 0.71911905 0.7869134328125 0.736973909375 0.7794162499999999 0.7737739765625 0.753472484375 0.7909594140625 0.7259726843750001 0.790456625 0.7233860515625
1 0.61437379375 0.9186750140625 0.5901492875 0.9099619546875 0.5741389578125 0.9103896812500001 0.5605183328125001 0.8982732531250001 0.5522617734375 0.8971937999999999 0.54681294375 0.90227949375 0.488638484375 0.9176140109375 0.47262815625 0.9180417390625 0.46097631093749997 0.9243331765624999 0.46554380625 0.9395515375000001 0.46059776875 0.9472238640624999 0.46156096562500004 0.9604584640624999 0.47618717187500004 0.977748159375 0.49680738125 0.9844774578125 0.559340325 0.9750066500000001 0.5800452968750001 0.9656132796874999 0.600792653125 0.9481585765625 0.6153793734375 0.9238482796874999 0.61437379375 0.9186750140625
1 0.1765084390625 0.42128011093750006 0.1713957703125 0.4115364515625 0.1551764296875 0.4026095265625 0.0828361703125 0.4113023171875 0.078435303125 0.4134999421875 0.0988464984375 0.4108745921875 0.102450796875 0.41285835156250006 0.0954512140625 0.41824548124999994 0.1065578859375 0.4174287453125 0.09951592031249999 0.430877209375 0.09046279375 0.4339791421875 0.0788957125 0.42414790937499997 0.059238703125 0.43065321250000005 0.0442763375 0.4281928703125 0.04528191875 0.4333661359375 0.0401268671875 0.4316838109375 0.0225234 0.44047430781249997 0.013427890625 0.451637575 0.011038187500000001 0.46418173124999995 0.0218086984375 0.47819434843749997 0.035974496875 0.48483607656250005 0.0723536375 0.48984433125000004 0.12738420781249998 0.483174021875 0.172943625 0.460896340625 0.1778896640625 0.4532240140625 0.17751402031250002 0.4264533765625 0.1765084390625 0.42128011093750006
1 0 0.39785657812499997 0.0638938625 0.3800875796875 0.081288315625 0.3619424296875 0.081541159375 0.338405084375 0.0801584859375 0.33129184375 0.0688851828125 0.3146925921875 0.0423133546875 0.3104623546875 0 0.31338895 0 0.39785657812499997
1 0.399314203125 0.3752866921875 0.383179625 0.3502371 0.3796600921875 0.33213066874999997 0.3662908625 0.32130755781250003 0.3567349453125 0.32182285624999996 0.321570396875 0.3313425171875 0.2972582265625 0.3884134515625 0.3303239484375 0.43433125156249996 0.36951082031250004 0.4455046546875 0.387868471875 0.44059410468750004 0.399059909375 0.4236547 0.4014496125 0.41111054375 0.39612793125 0.392012234375 0.4000683890625 0.3791666421875 0.399314203125 0.3752866921875
1 0.6124821828125 0.29626991875 0.57543361875 0.27125904375 0.5599684640625 0.26621206875 0.5473110375 0.267330240625 0.473126246875 0.2830924859375 0.4381707125 0.30196679843749996 0.427482065625 0.3214928359375 0.43833734375000005 0.3193827828125 0.43443926718750003 0.3241670421875 0.4498620421875 0.3372753515625 0.44801750937499996 0.34434480624999997 0.440263740625 0.3458519859375 0.4402213578125 0.35391331875 0.4504890796875 0.36533930468750003 0.47240864531250004 0.3704738515625 0.47655811718749996 0.366982909375 0.49407681718749996 0.37431508281250003 0.5064828484375 0.37190359375000004 0.5110927281250001 0.3790606203125 0.517840915625 0.372380175 0.53196433125 0.3870832359375 0.5344782828125 0.4000164 0.5457515859375001 0.41661565156249997 0.5493982671875 0.4105380765625 0.5532539609375 0.413815153125 0.55149419375 0.4047619390625 0.5442855984375 0.4007944171875 0.544579375 0.3940263984375 0.5345630484375 0.38389373125000004 0.5294927625 0.36608873750000004 0.556903540625 0.3580762546875 0.5841053046875 0.34070912343750004 0.6027991171875 0.320969221875 0.6134877640624999 0.301443184375 0.6124821828125 0.29626991875
1 0.5870883625000001 0.21530628125 0.5824361015624999 0.21621058906249999 0.5780776171875 0.21034687968750002 0.5787499375 0.18068817343750002 0.5724226734375 0.156416596875 0.5562457125 0.13942833906250002 0.5212083125 0.1247639953125 0.5082994921874999 0.12458885 0.4901932359375 0.130792715625 0.46944588125 0.1482474203125 0.450373528125 0.190878009375 0.4556104453125 0.226098990625 0.47425897656249993 0.26408174687499997 0.4987348765625 0.274088125 0.548359 0.2644421734375 0.57405239375 0.23931514062499998 0.577196284375 0.230650934375 0.5893509203125 0.2269461296875 0.5870883625000001 0.21530628125
1 0.5631148375 0 0.5481220984374999 0.0148422328125 0.5324874140625 0.042040596875 0.53022195625 0.0800620734375 0.5321907375 0.0984699390625 0.5473197328125 0.1183462671875 0.57900423125 0.13232016562499999 0.6133722109375 0.12698188906250002 0.6263234140625 0.1190957 0.6408677546875 0.1028467390625 0.6502994234374999 0.07685411875 0.65277389375 0.04818729375 0.6482911609374999 0.0168462625 0.6464890125 0.01585438125 0.6359788171874999 0 0.5631148375 0
1 0.7795455703124999 0.24500552656250002 0.7741391234375 0.2420298859375 0.760897040625 0.20702276875 0.7292549265625 0.1849875359375 0.7080895453125 0.1837329390625 0.6783314453125 0.196228240625 0.6541464218749999 0.2291151703125 0.6457203328125 0.26028105625000003 0.6578720687499999 0.3062375765625 0.6905197656250001 0.333446075 0.7497421890625 0.3152234875 0.7653768750000001 0.288025125 0.779796965625 0.24629884375 0.7795455703124999 0.24500552656250002
1 0.9489081031250001 0.2966422984375 0.9381799718750001 0.27456834531249996 0.90104664375 0.265680140625 0.8382199234375 0.28191896562499996 0.8099701937500001 0.3021741671875 0.7959286453125001 0.3210097625 0.8198169906249999 0.3445521734375 0.8359515671875 0.3696017671875 0.8511229468750001 0.3814167609375 0.903094390625 0.3672879859375 0.9383437046875001 0.34164565625 0.9496622875 0.300522246875 0.9489081031250001 0.2966422984375
1 0.9545572484375 0.4498952296875 0.94848138125 0.42691696874999996 0.9181386234375 0.40328698281250003 0.8952134765625 0.39297917031249996 0.8774009984375001 0.39241501875 0.8523375421875 0.395944678125 0.8408099453125001 0.4277134359375 0.8187208484375 0.45482422656250004 0.842064021875 0.48384134218749997 0.8606306859374999 0.48828544531249995 0.9006565078125 0.4872161265625 0.9347730921874999 0.480584534375 0.9466763328125 0.47558641250000006 0.956317015625 0.4589484453125 0.9545572484375 0.4498952296875
1 0.93755873125 0.1471817421875 0.9306015296875 0.1445075375 0.91274956875 0.10234339374999998 0.8887764578124999 0.09492365 0.870670203125 0.101127515625 0.8595211468749999 0.1100055875 0.85323336875 0.127334 0.8545298265625 0.175400571875 0.8688622546874999 0.199458284375 0.8865899687500001 0.21614510625 0.9191134171875 0.2178762859375 0.9300110765625 0.2077048984375 0.9272881109375 0.18541708437499999 0.9383129171875 0.1510616921875 0.93755873125 0.1471817421875
1 0.396475684375 0.1785375828125 0.3792083796875 0.1724987265625 0.3668023484375 0.174910215625 0.3644550265625 0.1793930375 0.3793750109375 0.1899147125 0.3933317953125 0.1872017890625 0.3972298703125 0.1824175328125 0.396475684375 0.1785375828125
1 0.43235493593749996 0.13129788125 0.42778743906249994 0.11607952031249999 0.4156751859375 0.1117229890625 0.3844087125 0.11645839218750001 0.35745834374999996 0.1351188421875 0.34593074687500003 0.1668875984375 0.346391153125 0.17753556718750002 0.327570196875 0.22145947187499998 0.34726668906249997 0.2565541609375 0.3885494890625 0.2619514265625 0.41659020468749997 0.2323415734375 0.4194827 0.22238405 0.42828443125 0.2179888015625 0.43851267031249996 0.1878147953125 0.43285772656250004 0.1338845125 0.43235493593749996 0.13129788125