2 0.5671875 0.13046875 0.1265625 0.0796875
2 0.69453125 0.20859375 0.1046875 0.0609375
2 0.634375 0.2421875 0.0984375 0.090625
2 0.54765625 0.3203125 0.09375 0.0640625
2 0.51015625 0.35078125 0.0828125 0.078125
2 0.48671875 0.59453125 0.13125 0.0953125
2 0.83828125 0.6578125 0.096875 0.0734375
2 0.64609375 0.6703125 0.071875 0.0859375
2 0.70859375 0.66875 0.0859375 0.08125
2 0.83828125 0.83125 0.09375 0.0671875
2 0.93515625 0.9328125 0.071875 0.09375
2 0.81015625 0.94375 0.0734375 0.071875
2 0.70703125 0.9515625 0.0671875 0.0671875
2 0.7515625 0.94609375 0.053125 0.084375
2 0.63984375 0.79296875 0.096875 0.075
2 0.5171875 0.71640625 0.0546875 0.0796875
2 0.5328125 0.8328125 0.08125 0.0671875
2 0.58515625 0.9171875 0.1171875 0.05
2 0.60546875 0.95703125 0.0875 0.05625
2 0.4203125 0.74296875 0.0953125 0.053125
2 0.434375 0.78203125 0.090625 0.065625
2 0.2140625 0.12578125 0.1 0.096875
2 0.1640625 0.14609375 0.1 0.0609375
2 0.17890625 0.22421875 0.096875 0.075
2 0.09609375 0.25625 0.1125 0.065625
2 0.0703125 0.0765625 0.0890625 0.071875
2 0.04140625 0.50703125 0.071875 0.0875
2 0.084375 0.690625 0.0671875 0.0859375
2 0.0375 0.71953125 0.075 0.0921875