2 0.242637590625 0.37328065 0.219402271875 0.33770091406249997 0.1688494265625 0.2893528484375 0.1680372609375 0.28617170000000003 0.156398234375 0.30709898281250003 0.15962553906250002 0.358540725 0.15484413749999998 0.38415645625 0.15421517812500002 0.47038055156249997 0.1610514359375 0.5137861499999999 0.1719699 0.5343803421875 0.1834745859375 0.5461847390625 0.1969638921875 0.5435906968750001 0.21383620625000002 0.5209895671875 0.21710624374999998 0.4949970125 0.24117509843749999 0.495040746875 0.25583685156249997 0.47486711562500006 0.26167773125 0.4256863234375 0.242637590625 0.37328065
2 0.6206556765625 0.3573210171875 0.5941930531249999 0.2702995359375 0.5688601453125 0.24313276875 0.5597919609375 0.2408718171875 0.5472277953125 0.2526324796875 0.542333421875 0.2722627375 0.5456950640625 0.29097280312499996 0.52394974375 0.2944870421875 0.510799353125 0.3150374984375 0.5068301187500001 0.343834378125 0.5110039296875 0.365725590625 0.5273816250000001 0.396616878125 0.5565494281250001 0.4277184453125 0.5944465015625 0.44312455 0.601417096875 0.4537984703125 0.6209518578125001 0.45271172968749995 0.6278308484374999 0.41868303124999995 0.6206556765625 0.3573210171875
2 0.5813449828125 0.5858119296875001 0.5542747671875 0.5462973921875001 0.5146403875 0.51854351875 0.5050689187499999 0.516157084375 0.47696925781250005 0.5151083562500001 0.453352290625 0.53900650625 0.44764574843749994 0.55545561875 0.4548422875 0.5781004796875 0.4343610203125 0.608737753125 0.43352748593749996 0.6442737546874999 0.43979888593750005 0.6577519984375 0.4760716234375 0.6667958078125 0.5127046421875 0.6550788812499999 0.55062308125 0.6317678359375 0.5679472828125001 0.6331085921875 0.5805114484375 0.6213479296875 0.5845936546875 0.5985365218750001 0.5813449828125 0.5858119296875001
2 0.671483334375 0.5397769453125 0.6675354671875 0.529856675 0.645790146875 0.5333709140625 0.6341511203125 0.5542981953125 0.6258737359375 0.5939355421875 0.6296658984375 0.6753046406250001 0.645570340625 0.72097119375 0.6470603390624999 0.76006516875 0.6601893624999999 0.7782318625 0.7112093203125001 0.6122334406250001 0.7139145 0.5563135265625 0.7004465625 0.5201904203125001 0.6883556484375 0.5171758171875 0.671483334375 0.5397769453125
2 0.6304154671875 1 0.63565339375 0.9925346140625001 0.64264535625 0.9644913859375001 0.66114200625 0.9482525546874999 0.6631266234375001 0.9338541140625001 0.6458237890625 0.8937962078125 0.5851646500000001 0.8280350984375 0.5760964656249999 0.825774146875 0.5513284171875 0.828534734375 0.5439975390625 0.83862155 0.5406145312499999 0.8586286359375 0.5554808609374999 0.8891430984375001 0.5575570828124999 0.9194472796875001 0.5711379921875 0.9615558562500001 0.5902845015625 1 0.6304154671875 1
2 0.137214665625 0.7252845796875 0.13604221562500002 0.7428641687499999 0.1667916203125 0.85776233125 0.1877034078125 0.8897840953125 0.20200488125 0.8903712 0.21456904687499997 0.8786105375 0.2229594015625 0.8449586640625 0.23854629374999997 0.833951653125 0.245651228125 0.8118938953124999 0.2389279421875 0.774473765625 0.2104593359375 0.740567875 0.1558242859375 0.71503121875 0.1497788296875 0.7135239171875 0.137214665625 0.7252845796875
1 0.1038180390625 0.35058365625 0.1441729828125 0.33681605625 0.1664129234375 0.27980940468750004 0.1561936578125 0.2564108890625 0.1486368375 0.2545267625 0.135846728125 0.2543164828125 0.1099062296875 0.274656659375 0.088139540625 0.316888046875 0.0862678953125 0.33727195781249997 0.1038180390625 0.35058365625
1 0.05214161874999999 0.44195210312500005 0.071337465625 0.4229089484375 0.08112621249999999 0.3836484265625 0.0672979921875 0.36828605625 0.0582298078125 0.36602510312500003 0.041830746875000005 0.3738509671875 0.022747871875 0.3988795921875 0.0202900015625 0.4280532984375 0.03714095 0.4441693203125 0.05214161874999999 0.44195210312500005
1 0.23311751875 0.3470778140625 0.25881070781250004 0.3534838453125 0.2905707203125 0.322680028125 0.2948788703125 0.3118395609375 0.293028590625 0.293506321875 0.2767638671875 0.26860050625 0.263161590625 0.265209078125 0.2369951484375 0.27357831250000003 0.22524315156250002 0.288520121875 0.21906335625 0.3197445 0.23311751875 0.3470778140625
1 0.341526578125 0.2728330546875 0.361894875 0.2362103125 0.3701722578125 0.1965729671875 0.3591408234375 0.1699933046875 0.35460673125 0.168862828125 0.335410884375 0.18790598281249998 0.318877484375 0.2284635234375 0.3149082515625 0.2572604046875 0.3183828640625 0.28195594062499996 0.341526578125 0.2728330546875
1 0.2970405578125 0.18727514218750002 0.3029516765625 0.221514121875 0.3098093 0.22620257187499998 0.32318563437500003 0.21762305781250002 0.34344095625 0.1750148453125 0.347996415625 0.13742817031250001 0.3630184515625 0.096493803125 0.3597697796875 0.083769209375 0.350701596875 0.08150825625 0.3304676390625 0.085399321875 0.30439280156250004 0.13847117656250002 0.2970405578125 0.18727514218750002
1 0.3972149671875 0.07523342968749999 0.374071253125 0.0843563140625 0.3760131375 0.147392175 0.4107745109375 0.15605915937499998 0.42101514375000004 0.14074052343750001 0.42184867812500004 0.105204521875 0.407794515625 0.0778712078125 0.3972149671875 0.07523342968749999
1 0.076140234375 0.358576065625 0.0864938390625 0.3492429 0.086628178125 0.316511221875 0.1038607734375 0.2731493578125 0.0921301421875 0.2493740171875 0.0792270625 0.24317826562499997 0.07771569687499999 0.242801440625 0.0645653078125 0.2633518984375 0.059423623437499996 0.30972836406250004 0.0661469109375 0.34714849375 0.076140234375 0.358576065625
1 0.0738076109375 0.7928776859375 0.10241055624999999 0.794051896875 0.11869664687499999 0.7802405625 0.1271999734375 0.7525741578125 0.1261618625 0.7374220671875 0.10838577499999999 0.7121394265625 0.098561909375 0.7096900609375 0.0760609046875 0.7130158875 0.0569780296875 0.7380445140624999 0.057655860937500004 0.7739573421875 0.0738076109375 0.7928776859375
1 0.060296940624999996 0.8341888781250001 0.045522215625 0.8483770375 0.03061315 0.8952968765625 0.0925790765625 0.9107467171874999 0.07712652187499999 0.88902205 0.07958439218749999 0.8598483453125001 0.069365125 0.8364498296875 0.060296940624999996 0.8341888781250001
1 0.47657533281250003 0.1754437984375 0.470282565625 0.20068270625 0.48898379375 0.23513196718749999 0.5304898203125 0.2425019296875 0.5386328640625 0.23559626250000001 0.5434142671875 0.2099805296875 0.53820234375 0.1729372265625 0.5258854890625 0.15795168125 0.5173205890625 0.1558162109375 0.5001922999999999 0.1515456484375 0.49053789062500003 0.158074490625 0.47657533281250003 0.1754437984375
1 0.444885559375 0.2896673875 0.4423147171875 0.312855621875 0.446262584375 0.3227758921875 0.43448922031250004 0.376434853125 0.44691904843749997 0.39740587031249996 0.45749859531250003 0.40004364687500005 0.47983014218750003 0.3877396140625 0.5025219703125 0.35467484531250004 0.507776625 0.314283846875 0.49663221875 0.28171871406250004 0.48454130624999997 0.2787041109375 0.46198381718750003 0.2790372015625 0.444885559375 0.2896673875
1 0.44013780156250004 0.6757084125 0.42982692812499995 0.6076072765625 0.42680420156250004 0.6068536250000001 0.40539779375 0.628324278125 0.399330971875 0.6655341265625 0.40918995625 0.709693378125 0.42139384062499996 0.718693453125 0.43174744687500005 0.7093602875 0.44013780156250004 0.6757084125
1 0.2741839359375 0.729648334375 0.283951315625 0.7291049625 0.2823056140625 0.7614598171875 0.2885770140625 0.7749380609375 0.3057882421875 0.7702933453125 0.338720703125 0.7219099390625 0.342802909375 0.6990985328125 0.33630556718750004 0.673649346875 0.32270329062499997 0.6702579171874999 0.3028082484375 0.6921053953125 0.2930408671875 0.692648765625 0.2741839359375 0.729648334375
1 0.2492967765625 0.526852228125 0.265222584375 0.5338016296875 0.2822078703125 0.5171859750000001 0.2986282984375 0.4706429609375 0.303995925 0.436237434375 0.30144645 0.42070851875 0.298197778125 0.407983925 0.284009278125 0.413382290625 0.267836159375 0.433179096875 0.24442376875 0.507765340625 0.2492967765625 0.526852228125
1 0.2454115328125 0.719495915625 0.2191886046875 0.7248724140625 0.212669896875 0.738140378125 0.24427420312499998 0.778785390625 0.25893595625 0.758611759375 0.263131134375 0.741785821875 0.25372403593750004 0.7215684546875 0.2454115328125 0.719495915625
1 0.2146820171875 0.8845960093749999 0.22246478125000002 0.898451078125 0.23967601093750002 0.8938063640625 0.265164621875 0.849524303125 0.26739655 0.80837965625 0.2567040296875 0.79975640625 0.2536813015625 0.79900275625 0.2484480125 0.8006766031250001 0.2400576578125 0.834328478125 0.2229594015625 0.8449586640625 0.2146820171875 0.8845960093749999
1 0.23755705468750002 0.9409364828125 0.2547682859375 0.93629176875 0.271301684375 0.895734225 0.266202734375 0.8646763953125 0.2646913703125 0.8642995687499999 0.2513150375 0.87287908125 0.2367662546875 0.899038184375 0.22851023750000002 0.8999583796874999 0.22291666718749997 0.9223929640625 0.23755705468750002 0.9409364828125
1 0.3356552421875 0.798590590625 0.3594981515625 0.7866633828125 0.3801137578125 0.7232944328124999 0.372443965625 0.715424834375 0.3694212390625 0.714671184375 0.35442056875 0.7168884015625 0.327081678125 0.742837221875 0.31997674374999996 0.7648949796875 0.3211278265625 0.7860325421875001 0.3356552421875 0.798590590625
1 0.3814480515625 0.8338372359375 0.41052425000000003 0.8202361828125 0.4141332015625 0.8122000390625 0.4112448125 0.778714709375 0.392409246875 0.7769971265625 0.37846805625 0.755649284375 0.3776558890625 0.7524681359375001 0.3763704671875 0.764062253125 0.36391927343749997 0.7818083875 0.365183328125 0.8089314203125 0.3814480515625 0.8338372359375
1 0.468386603125 0.8972145828125001 0.48652297187500004 0.9017364875 0.5167716203125 0.8705558437500001 0.5282976734375 0.8436430906249999 0.53506369375 0.80362891875 0.5250703703124999 0.792201346875 0.5220476406250001 0.7914476968749999 0.50251288125 0.7925344375 0.4747007359375 0.833258525 0.4660844375 0.8549394578125 0.468386603125 0.8972145828125001
1 0.73511633125 0.48415478125 0.7514024203125 0.47034344843750003 0.76525200625 0.44698866875 0.77573995 0.404923825 0.776573484375 0.3693878234375 0.7568127796875 0.358503621875 0.7553014171875 0.35812679687500004 0.733534728125 0.4003581859375 0.7230467843749999 0.44242302968749997 0.7260481453125001 0.48189382968750005 0.73511633125 0.48415478125
1 0.6613006625 0.23937290937500003 0.6893173828125 0.2493369140625 0.7203781984375001 0.22133742031249998 0.72969369375 0.1968521640625 0.7263320515625 0.1781421 0.7013380578125 0.1689317453125 0.6907585093749999 0.1662939671875 0.6758708109375 0.17449665625 0.6553895437499999 0.20513392812500003 0.6548033203125 0.2139237234375 0.6613006625 0.23937290937500003
1 0.9578882999999999 0.2924699484375 0.9655794578125001 0.2616223953125 0.963390265625 0.2253327421875 0.94886285 0.21277469531249998 0.94805068125 0.209593546875 0.9250199390624999 0.22470190156249997 0.9116222374999999 0.2719985671875 0.9162479359375 0.31783166406249996 0.9383321718750001 0.3322738390625 0.9578882999999999 0.2924699484375
1 0.8883441875000001 0.31385313125000003 0.9067278640625 0.2916288265625 0.914306053125 0.25479580468749996 0.904312728125 0.24336823281250003 0.8967559078124999 0.24148410468749998 0.8690781015625 0.24947651406250002 0.8513936203125001 0.26889649375 0.84289029375 0.2965628984375 0.8532225312499999 0.325946884375 0.8883441875000001 0.31385313125000003
1 0.8890495203125001 0.5106200296875001 0.8864786796875 0.5338082625 0.900419871875 0.5551561046875 0.9246016953125 0.5611853109375 0.937278834375 0.5554101203124999 0.9498429984375001 0.5436494578125 0.9599706593749999 0.5223453515625 0.94952545 0.48697589375000006 0.9399539812500001 0.484589459375 0.9208095328124999 0.4798162125 0.8992901546875001 0.49530139375 0.8890495203125001 0.5106200296875001
1 1 0.40126509375 0.9932547390625001 0.3995833109375 0.97713301875 0.3955637140625 0.96386965625 0.4101286984375 0.9520962921875 0.46378766093749996 0.9542854859375 0.5000773125 0.9603309421875 0.5015846140625 0.9773162281250001 0.4849689578125 0.99046661875 0.46441850156250003 0.9996691406249999 0.4339477734375 1 0.42744300625 1 0.40126509375
1 1 0.309530440625 0.9978829609375 0.299463084375 0.9826563500000001 0.28970935937500003 0.981144984375 0.289332534375 0.9709043515625 0.3046511703125 0.9599431562499999 0.36149127812500004 0.9485514390625 0.355672353125 0.9464538499999999 0.364085321875 0.955274725 0.39309248124999996 0.942484615625 0.39288220156250003 0.9563128375 0.40824457187499996 0.9689899734375 0.40246938125 0.9880728484375 0.3774407546875 1 0.3436337453125 1 0.309530440625
1 0.8026330937499999 0.554604340625 0.8228670515625 0.550713275 0.8550087109375 0.46043157187499995 0.8460748640625001 0.425438940625 0.8415407734375 0.42430846562499996 0.8274652437500001 0.4356923015625 0.8071183140624999 0.43359789531250004 0.788734634375 0.4558221984375 0.7784726359375 0.5098579828124999 0.8026330937499999 0.554604340625
1 0.9427655703125 0.7265612875 0.9640590046874999 0.6991051640625 0.980613771875 0.6198304718750001 0.9751545390624999 0.6095333765625 0.964574990625 0.6068955984375 0.9402588281250001 0.6335980718750001 0.9265222124999999 0.662938321875 0.9182448296875 0.7025756671875001 0.9262535359375 0.728401678125 0.9427655703125 0.7265612875
1 0.83760518125 0.8135306390625001 0.8488839265625 0.81336409375 0.8614480921875 0.80160343125 0.8838010046875 0.750582246875 0.8872969859375001 0.7365606328125 0.8806866718749999 0.705125975 0.87766394375 0.7043723234375 0.8620770500000001 0.7153793359375 0.840197390625 0.7516252546875 0.8320329781250001 0.797248071875 0.83760518125 0.8135306390625001
1 0.8473023234375001 0.7295674953125 0.8455650171875 0.717219728125 0.8410309249999999 0.7160892515625 0.8141652859375 0.727262809375 0.8003157 0.7506175875000001 0.799256221875 0.774182646875 0.8151820296875 0.78113205 0.8307689234375 0.7701250374999999 0.8473023234375001 0.7295674953125
1 0.778344434375 0.7421608843749999 0.7816144734375 0.716168328125 0.7740576531250001 0.7142842 0.75603425625 0.7157477671875 0.7338156812500001 0.734037271875 0.7170563375000001 0.7626238703125 0.742749528125 0.7690299031250001 0.7688029968750001 0.754675196875 0.778344434375 0.7421608843749999
1 0.7023518515625 0.8602318015625 0.742819765625 0.8524496734375001 0.7588799125000001 0.826667396875 0.758901278125 0.787950246875 0.74983309375 0.7856892953125 0.7154106359375 0.794978725 0.710403290625 0.8086235140625 0.6941172015625 0.822434846875 0.6914333874999999 0.8396376109375 0.7023518515625 0.8602318015625
1 0.6602382343750001 0.9003687843750001 0.6582536171875 0.9147672234374999 0.664750959375 0.9402164109375001 0.6597436140624999 0.9538612000000001 0.6471794484375 0.9656218624999999 0.6514662312499999 0.9934985453125 0.6642563406249999 0.993708825 0.69427904375 0.950557240625 0.7045410453125001 0.8965214546875 0.6965323375 0.8706954421875001 0.68897551875 0.8688113156249999 0.6703658953125 0.8790646765625001 0.6602382343750001 0.9003687843750001
1 0.7351988453125 0.9667169984375 0.750694134375 0.9110073640625 0.752452809375 0.8846379828125001 0.742233540625 0.8612394671875 0.7361880843749999 0.8597321656249999 0.717105209375 0.8847607921874999 0.70440670625 0.9292531343749999 0.7021747781250001 0.97039778125 0.7197249234374999 0.98370948125 0.7351988453125 0.9667169984375
1 0.80878243125 0.9999567078125 0.8220457937500001 0.985391721875 0.8261279984375 0.9625803124999999 0.8047643250000001 0.9066166640625 0.794184778125 0.9039788874999999 0.7836052296875 0.9013411093749999 0.7718532312499999 0.9162829203125 0.7713586109375 0.9697753359375 0.7869241375 0.9974854750000001 0.80878243125 0.9999567078125
1 0.8571888140624999 0.93458081875 0.8655791687500001 0.90092894375 0.8530363703124999 0.8739724546875 0.8416446546874999 0.8681535296874999 0.8408324875 0.86497238125 0.8215236671874999 0.8780300640625001 0.8180276875000001 0.8920516796875001 0.8246380015625 0.9234863375 0.8339321296875 0.9377182312500001 0.8571888140624999 0.93458081875
1 0.9062027890625 0.8216979859375 0.9006305859375001 0.80541541875 0.89609649375 0.8042849437499999 0.8753892828125001 0.8229512734375 0.8722322171875 0.8549293 0.8875718015625 0.870668496875 0.9189715312500001 0.8606254171875 0.92864730625 0.815379425 0.9062027890625 0.8216979859375
1 0.93667738125 0.8024882859375 0.947977490625 0.763604590625 0.9483377734375 0.742843853125 0.9429915125000001 0.7385322296875 0.93694605625 0.737024928125 0.9044868484374999 0.77063306875 0.8997054468749999 0.7962488 0.90841335 0.8192704890625 0.921902653125 0.8166764453124999 0.93667738125 0.8024882859375
1 0.6055756796875 0.71397805625 0.6005897015625 0.6889056953125 0.5997775328125 0.6857245468750001 0.5661672421875 0.698195125 0.5632361203125 0.7421440968749999 0.5831097953125 0.75901376875 0.5986966890625001 0.74800675625 0.612433303125 0.7186665062500001 0.6055756796875 0.71397805625
1 0.60483375 0.794216678125 0.5974112671875 0.7596008734375 0.5733424140625 0.7595571390625 0.5618377265625 0.7477527421875 0.561025559375 0.74457159375 0.547649225 0.7531511078124999 0.5412434875 0.772404540625 0.552726809375 0.8229260890625 0.5957442000000001 0.8306728765625 0.60483375 0.794216678125
1 0.7312173343749999 0.5963714343750001 0.7114352640625 0.6242043828125 0.71188715 0.6481462671875 0.7048951875 0.6761894953125 0.7062722124999999 0.709298 0.7199874625 0.7186749 0.759777546875 0.67497994375 0.769679265625 0.641704896875 0.7621224453125001 0.63982076875 0.7608370250000001 0.6514148843750001 0.7556037375 0.65308873125 0.7620094734375 0.6338352984375 0.7609713625000001 0.6186832078125 0.7342400625 0.597125084375 0.7312173343749999 0.5963714343750001
1 0.305681409375 0.963879096875 0.360090515625 0.9774448093749999 0.3677816734375 0.9465972578124999 0.3570891546875 0.937974009375 0.3472652875 0.93552464375 0.3112749796875 0.9414445125 0.305681409375 0.963879096875
1 0.81181425 0.5628507640625 0.7821518265625 0.5852416125000001 0.770399828125 0.600183421875 0.767716015625 0.6173861859375 0.79433434375 0.6329588375 0.8241097390625001 0.6165534593750001 0.8329519796874999 0.60684346875 0.8364479609375 0.5928218546874999 0.83250009375 0.582901584375 0.838432578125 0.5784234140625 0.8309887296875 0.582524759375 0.8276270859375 0.56381469375 0.8230929937499999 0.5626842187500001 0.81181425 0.5628507640625