0 0.2671875 0.696875 0.0140625 0.0171875
0 0.26796875 0.71796875 0.0140625 0.0140625
0 0.275 0.73515625 0.0140625 0.0140625
0 0.2625 0.7328125 0.0140625 0.0140625
0 0.27265625 0.75078125 0.0171875 0.0203125
0 0.2890625 0.77421875 0.0125 0.0203125
0 0.29765625 0.78515625 0.01875 0.0265625
0 0.30625 0.79609375 0.009375 0.021875
0 0.3171875 0.7984375 0.0203125 0.028125
0 0.3328125 0.80859375 0.01875 0.0296875
0 0.34453125 0.79921875 0.009375 0.01875
0 0.3578125 0.8046875 0.0125 0.0203125
0 0.3578125 0.78828125 0.009375 0.021875
0 0.3671875 0.7984375 0.0140625 0.01875
0 0.365625 0.78359375 0.0109375 0.0140625
0 0.3390625 0.6515625 0.0125 0.0203125
0 0.3484375 0.64609375 0.0140625 0.0265625
0 0.35546875 0.6671875 0.015625 0.0265625
0 0.3671875 0.653125 0.01875 0.0234375
0 0.3703125 0.67421875 0.0203125 0.0265625
0 0.3828125 0.6765625 0.0171875 0.021875
0 0.37421875 0.69140625 0.0125 0.0171875
0 0.38828125 0.6890625 0.0140625 0.015625
0 0.38046875 0.715625 0.015625 0.0203125
0 0.3875 0.70703125 0.01875 0.0203125
0 0.396875 0.75703125 0.0125 0.0171875
0 0.3921875 0.7890625 0.0140625 0.0203125
0 0.4046875 0.7921875 0.0140625 0.0140625
0 0.403125 0.80390625 0.0140625 0.01875
0 0.4109375 0.8109375 0.025 0.0234375
0 0.41328125 0.82109375 0.0171875 0.015625
0 0.42265625 0.85078125 0.015625 0.0203125
0 0.40703125 0.7421875 0.0140625 0.0234375
0 0.41171875 0.77578125 0.0140625 0.0203125
0 0.43203125 0.70546875 0.0140625 0.0234375
0 0.4578125 0.740625 0.0125 0.0203125
0 0.48515625 0.82578125 0.0109375 0.01875
0 0.5171875 0.86015625 0.0171875 0.0125
0 0.5203125 0.84453125 0.0140625 0.0171875
0 0.51640625 0.80546875 0.015625 0.0140625
0 0.49765625 0.80234375 0.0140625 0.0140625
0 0.346875 0.48984375 0.025 0.0234375
0 0.34765625 0.46953125 0.01875 0.0203125
0 0.340625 0.45078125 0.01875 0.0140625
0 0.3359375 0.4328125 0.0171875 0.0171875
0 0.2640625 0.47890625 0.021875 0.028125
0 0.2390625 0.5 0.01875 0.0234375
0 0.2265625 0.4875 0.01875 0.021875
0 0.22265625 0.4734375 0.0171875 0.015625
0 0.22383980625 0.382422559375 0.22353516562500003 0.37174154062500003 0.210816834375 0.3663797625 0.210875153125 0.37530809375 0.2179732890625 0.38324704375 0.22383980625 0.382422559375
0 0.194273953125 0.35083165781250003 0.1975475390625 0.34858428125 0.19631591875 0.339820846875 0.182916934375 0.338129340625 0.1815556234375 0.3454698828125 0.19075404375 0.35132635 0.194273953125 0.35083165781250003
0 0.1896521140625 0.3264589390625 0.1947796578125 0.32037639375000004 0.19311370625 0.31703591875 0.184595940625 0.307509178125 0.178729425 0.30833366406249996 0.1807000171875 0.3223551578125 0.188478809375 0.3266238359375 0.1896521140625 0.3264589390625
0 0.447758840625 0.502873753125 0.46530007500000004 0.491471965625 0.46548808125 0.4842963203125 0.45863626718750006 0.47811005937499995 0.446468903125 0.4851819875 0.4409070265625 0.496687490625 0.44306562656250004 0.503533340625 0.447758840625 0.502873753125
0 0.5265625 0.54140625 0.0171875 0.015625
0 0.5265625 0.5296875 0.015625 0.0140625
0 0.53203125 0.52109375 0.0140625 0.01875
0 0.553125 0.5453125 0.015625 0.0171875
0 0.53828125 0.55625 0.0140625 0.0171875
0 0.55390625 0.56328125 0.0140625 0.01875
0 0.54765625 0.5796875 0.0140625 0.0140625
0 0.56171875 0.59453125 0.0140625 0.01875
0 0.5578125 0.603125 0.0140625 0.015625
0 0.5515625 0.61015625 0.0171875 0.0140625
0 0.553125 0.6234375 0.0203125 0.015625
0 0.55078125 0.6359375 0.0171875 0.0140625
0 0.559375 0.6890625 0.01875 0.0203125
0 0.56953125 0.69375 0.015625 0.0171875
0 0.575 0.70390625 0.0109375 0.0171875
0 0.584375 0.69609375 0.015625 0.0140625
0 0.5859375 0.71328125 0.015625 0.021875
0 0.57421875 0.759375 0.0125 0.0171875
0 0.58125 0.76875 0.015625 0.0203125
0 0.58984375 0.784375 0.0125 0.021875
0 0.596875 0.7875 0.0140625 0.021875
0 0.60625 0.79140625 0.0125 0.0203125
0 0.59609375 0.66796875 0.0171875 0.0203125
0 0.58203125 0.65390625 0.0125 0.0171875
0 0.58828125 0.646875 0.0109375 0.01875
0 0.571875 0.665625 0.01875 0.0203125
0 0.6390625 0.6484375 0.0140625 0.01875
0 0.6203125 0.65 0.0078125 0.0125
0 0.62421875 0.6390625 0.0109375 0.0171875
0 0.6140625 0.6390625 0.0125 0.0203125
0 0.6375 0.58984375 0.0125 0.01875
0 0.61640625 0.7984375 0.0125 0.021875
0 0.14609375 0.34140625 0.009375 0.021875
0 0.1546875 0.353125 0.0109375 0.0234375
0 0.16328125 0.35078125 0.0125 0.0234375
0 0.17109375 0.365625 0.015625 0.0234375
0 0.18046875 0.36953125 0.0140625 0.0203125
0 0.18671875 0.38515625 0.015625 0.0140625
0 0.1859375 0.39765625 0.015625 0.0171875
0 0.196875 0.40234375 0.0171875 0.0140625
0 0.190625 0.415625 0.01875 0.0171875
0 0.1984375 0.42734375 0.0140625 0.0171875
0 0.215625 0.4609375 0.0171875 0.01875
0 0.20625 0.44453125 0.015625 0.0171875
0 0.1953125 0.44140625 0.0171875 0.0125
0 0.18359375 0.50390625 0.0140625 0.0265625
0 0.1875 0.4875 0.0140625 0.0125
0 0.19140625 0.4796875 0.0140625 0.0171875
0 0.22890625 0.346875 0.015625 0.021875
0 0.28671875 0.3296875 0.0140625 0.025
0 0.3734375 0.39375 0.0140625 0.0203125
0 0.38125 0.38515625 0.0125 0.0234375
0 0.3671875 0.37578125 0.015625 0.0203125
0 0.35234375 0.37265625 0.015625 0.0203125
0 0.36015625 0.3609375 0.0109375 0.015625
0 0.35078125 0.35625 0.021875 0.01875
0 0.37421875 0.28046875 0.0125 0.0203125
0 0.3828125 0.2765625 0.0125 0.0265625
0 0.39140625 0.2734375 0.0125 0.021875
0 0.36328125 0.22265625 0.0125 0.01875
0 0.34140625 0.234375 0.01875 0.0203125
0 0.42734375 0.3828125 0.015625 0.0203125
0 0.41640625 0.2828125 0.0140625 0.0234375
0 0.428125 0.29609375 0.015625 0.0203125
0 0.4421875 0.334375 0.0125 0.01875
0 0.4625 0.34765625 0.01875 0.0203125
0 0.45546875 0.359375 0.0140625 0.0171875
0 0.4875 0.37109375 0.01875 0.0203125
0 0.4671875 0.32890625 0.021875 0.025
0 0.4625 0.3046875 0.0171875 0.0171875
0 0.45078125 0.2859375 0.0171875 0.0140625
0 0.26796875 0.3390625 0.0140625 0.0234375
0 0.2609375 0.3109375 0.015625 0.0203125
0 0.18125 0.30078125 0.0140625 0.0171875
0 0.15390625 0.28203125 0.009375 0.01875
0 0.12421875 0.2484375 0.0125 0.0265625
0 0.146875 0.11171875 0.0140625 0.0171875
0 0.1375 0.078125 0.0125 0.0234375
0 0.1265625 0.08828125 0.015625 0.0234375
0 0.11328125 0.0671875 0.0109375 0.01875
0 0.19375 0.09921875 0.0140625 0.01875
0 0.203125 0.0796875 0.015625 0.028125
0 0.2296875 0.09765625 0.01875 0.0234375
0 0.215625 0.0984375 0.0171875 0.0140625
0 0.21640625 0.084375 0.0140625 0.0171875
0 0.20859375 0.11015625 0.0171875 0.0140625
0 0.21953125 0.11640625 0.0171875 0.01875
0 0.228125 0.13046875 0.0125 0.01875
0 0.2390625 0.1203125 0.01875 0.0234375
0 0.26640625 0.1140625 0.0140625 0.0203125
0 0.24375 0.13671875 0.0171875 0.015625
0 0.2625 0.1984375 0.0140625 0.0125
0 0.29296875 0.1921875 0.0171875 0.0140625
0 0.25390625 0.15703125 0.015625 0.0296875
0 0.2640625 0.16328125 0.0125 0.0296875
0 0.23828125 0.15390625 0.0125 0.015625
0 0.2296875 0.15 0.0171875 0.0234375
0 0.2734375 0.15 0.0125 0.0234375
0 0.490625 0.353125 0.0234375 0.0171875
0 0.49375 0.3390625 0.01875 0.015625
0 0.4875 0.3265625 0.0171875 0.0140625
0 0.5015625 0.32421875 0.021875 0.021875
0 0.4984375 0.3078125 0.0140625 0.0171875
0 0.50703125 0.30546875 0.0125 0.0203125
0 0.50703125 0.28984375 0.0125 0.015625
0 0.48671875 0.2796875 0.015625 0.0171875
0 0.48359375 0.2640625 0.0234375 0.0203125
0 0.45703125 0.27265625 0.015625 0.01875
0 0.465625 0.20859375 0.025 0.01875
0 0.53828125 0.15546875 0.0125 0.025
0 0.55078125 0.15234375 0.0140625 0.0234375
0 0.56328125 0.171875 0.015625 0.0203125
0 0.571875 0.18203125 0.0125 0.0203125
0 0.57578125 0.20546875 0.021875 0.025
0 0.58046875 0.225 0.0171875 0.0234375
0 0.59609375 0.246875 0.0140625 0.01875
0 0.615625 0.26796875 0.0171875 0.0234375
0 0.6171875 0.29140625 0.0203125 0.0203125
0 0.60078125 0.35234375 0.015625 0.0234375
0 0.61171875 0.328125 0.0171875 0.01875
0 0.5671875 0.28359375 0.0140625 0.0203125
0 0.5453125 0.2796875 0.0125 0.0265625
0 0.53515625 0.2875 0.0140625 0.021875
0 0.51328125 0.265625 0.01875 0.0265625
0 0.47578125 0.2328125 0.021875 0.0328125
2 0.3372602921875 0.7382418796875 0.344429803125 0.721148521875 0.3311866203125 0.6354317625 0.31736636093750004 0.6052025765625 0.30934124375 0.5991812109375 0.2972321953125 0.6151814703125 0.291800009375 0.6105829984375 0.28148660312499996 0.6138197578125 0.27827133437499996 0.62499546875 0.2799956015625 0.6372642749999999 0.298437703125 0.69186618125 0.311765315625 0.7185899953125 0.3290471703125 0.7393961578125 0.3372602921875 0.7382418796875
2 0.11943495156249999 0.507908640625 0.140249771875 0.4942594765625 0.138525503125 0.48199066874999996 0.1282834703125 0.460195121875 0.0683866796875 0.45967653906250006 0.0590585703125 0.469924046875 0.06016049999999999 0.49479145625000004 0.070590540625 0.509411359375 0.0830625453125 0.5130204484374999 0.1133724921875 0.5087606640625 0.11943495156249999 0.507908640625
2 0.22393729218749997 0.289468975 0.24221749843749998 0.2833252484375 0.253892215625 0.272747946875 0.257107484375 0.26157223749999997 0.2544562359375 0.2512210140625 0.2430992171875 0.23851869531249997 0.1933991984375 0.2169066890625 0.166166896875 0.2189466359375 0.1549848265625 0.233029309375 0.159042646875 0.2789289625 0.183552328125 0.2915701 0.21768006406249998 0.2903483703125 0.22393729218749997 0.289468975
2 0.195629171875 0.198720234375 0.20217634375000001 0.194225478125 0.2027986828125 0.18162687500000002 0.1490991625 0.12304355 0.12415514999999999 0.1158253703125 0.1147687234375 0.1171445453125 0.1075408953125 0.125309571875 0.1052526046875 0.134567696875 0.108642825 0.15017698125 0.10258830156250001 0.1581771125 0.1043125703125 0.17044591874999998 0.113076659375 0.1817253453125 0.1564175125 0.20065646250000002 0.18888267812499998 0.19966839218750002 0.195629171875 0.198720234375
2 0.40439883906249996 0.37313239062500003 0.40706314375 0.349522975 0.36096746562500004 0.2684233359375 0.3446709078125 0.2546279171875 0.3320108953125 0.258194471875 0.325275715625 0.26986487187499997 0.3303318875 0.28881463281249997 0.3150789421875 0.2909582953125 0.321554740625 0.31149584531249996 0.364143565625 0.3591295390625 0.39735901875 0.374121771875 0.40439883906249996 0.37313239062500003
2 0.53374770625 0.2548644875 0.536224003125 0.23843071718750003 0.5282119421875 0.1984487140625 0.5140870421875 0.157538509375 0.49316864374999997 0.11937037343750001 0.48631683125 0.1131841125 0.4706295546875 0.12075073124999999 0.4680235671875 0.153288475 0.46209873281249997 0.1451846296875 0.44635314062500003 0.14382291875 0.44523815468750005 0.1529161453125 0.4504823328125 0.16469026250000002 0.497939321875 0.2384493625 0.5078767140625 0.2495638921875 0.5255345828125 0.2560187671875 0.53374770625 0.2548644875
2 0.4819195484375 0.950261053125 0.4895817078125 0.9366730703125 0.493114675 0.902217740625 0.48313202187500004 0.8482142421875001 0.46554552656250003 0.816727059375 0.456217415625 0.8269745671875001 0.443531290625 0.8984623984375 0.4469798265625 0.9230000140625 0.45462893125 0.9433726671875 0.46407367343750006 0.9509818234375 0.4807462453125 0.95042595 0.4819195484375 0.950261053125
2 0.519893496875 0.79479050625 0.5440402203125 0.7878222953125 0.56386974375 0.767162384375 0.5642457578125 0.7528110953125 0.550859828125 0.71715895 0.5203539390625 0.7214462734375 0.5184999828125 0.725281440625 0.5227588640625 0.7300448109375 0.498553825 0.728084690625 0.49459958281249994 0.7340023390625 0.48330088125000004 0.7302283515625 0.4693378734375 0.750063778125 0.4689618578125 0.7644150671875 0.479696540625 0.7897159890625 0.5140269796875 0.7956149921875 0.519893496875 0.79479050625
2 0.8561206468749999 0.3096470296875 0.8778041312499999 0.28515195000000004 0.8774994890625001 0.27447093125 0.866823125 0.2580983421875 0.79458401875 0.23786669531250001 0.7734645578125 0.2408348421875 0.7685833359375 0.24867007343749997 0.7661653562499999 0.274032175 0.7747997546875001 0.3014155765625 0.8253684359375001 0.3121816671875 0.8490808265625001 0.31063641249999996 0.8561206468749999 0.3096470296875
2 1 0.7023138578125 0.9873739546875001 0.698706221875 0.9741629765625 0.6898390703125 0.9655155203125 0.6964163078125 0.96322723125 0.7056744312500001 0.9834649734375001 0.7475128390625 1 0.7591626484375 1 0.7023138578125
0 0.39296875 0.9375 0.0125 0.0203125
0 0.40625 0.93515625 0.0125 0.0203125
0 0.39921875 0.9171875 0.0140625 0.01875
0 0.40859375 0.903125 0.015625 0.0203125
0 0.41328125 0.88828125 0.01875 0.0234375
0 0.50703125 0.87578125 0.0125 0.0203125
0 0.5203125 0.8734375 0.0140625 0.0140625
0 0.5171875 0.890625 0.0125 0.0203125
0 0.41640625 0.74140625 0.0125 0.0265625
0 0.71484375 0.21171875 0.01875 0.0234375
0 0.6953125 0.084375 0.0203125 0.0203125
0 0.70703125 0.09453125 0.021875 0.021875
0 0.709375 0.11171875 0.0203125 0.01875
0 0.7125 0.13359375 0.015625 0.0203125
0 0.715625 0.15078125 0.01875 0.0203125
0 0.7125 0.16640625 0.0171875 0.0171875
0 0.7078125 0.18984375 0.01875 0.021875
0 0.72890625 0.19296875 0.01875 0.0234375
0 0.7359375 0.175 0.028125 0.028125
0 0.89921875 0.34921875 0.0125 0.021875
0 0.890625 0.36015625 0.015625 0.0265625
0 0.878125 0.3515625 0.0140625 0.0328125
0 0.86953125 0.35546875 0.009375 0.021875
0 0.86015625 0.35 0.0203125 0.0390625
0 0.8484375 0.3484375 0.0140625 0.0359375
0 0.840625 0.3515625 0.015625 0.025
0 0.834375 0.3390625 0.015625 0.0265625
0 0.825 0.3359375 0.009375 0.0140625
0 0.8234375 0.321875 0.01875 0.0203125
0 0.81015625 0.31953125 0.0140625 0.0171875
0 0.8203125 0.21953125 0.015625 0.0234375
0 0.82109375 0.196875 0.0140625 0.0265625
0 0.7890625 0.759375 0.01875 0.0234375
0 0.88671875 0.51171875 0.0140625 0.0140625
0 0.8859375 0.5234375 0.0296875 0.021875
0 0.8859375 0.5390625 0.021875 0.021875
0 0.89453125 0.5484375 0.0171875 0.0171875
0 0.8953125 0.565625 0.025 0.021875
0 0.903125 0.58203125 0.025 0.025
0 0.909375 0.596875 0.015625 0.0234375
0 0.91796875 0.5921875 0.0125 0.021875
0 0.92890625 0.59765625 0.0171875 0.0171875
0 0.93671875 0.6046875 0.0171875 0.0171875
0 0.93984375 0.62734375 0.015625 0.0265625
0 0.95078125 0.62890625 0.0078125 0.015625
0 0.959375 0.62734375 0.0140625 0.015625
0 0.9828125 0.6234375 0.0140625 0.0171875
0 0.99375 0.6265625 0.0125 0.03125
0 0.9546875 0.82421875 0.015625 0.0171875
0 0.94921875 0.83671875 0.01875 0.0234375
0 0.94609375 0.853125 0.021875 0.021875
0 0.94609375 0.86484375 0.0203125 0.021875
0 0.94375 0.875 0.0171875 0.0203125
0 0.9484375 0.89140625 0.0171875 0.015625
0 0.95859375 0.90625 0.0171875 0.0140625
0 0.44375 0.3828125 0.015625 0.021875
0 0.2390625 0.071875 0.015625 0.0203125