2 0.47109375 0.37265625 0.9078125 0.7453125
0 0.55 0.73125 0.084375 0.109375
0 0.68203125 0.7671875 0.0796875 0.109375
0 0.34921875 0.6328125 0.0984375 0.084375
0 0.36640625 0.69453125 0.096875 0.1015625
0 0.3296875 0.55078125 0.096875 0.06875
0 0.79765625 0.79453125 0.084375 0.1125
0 0.22265625 0.70859375 0.0890625 0.1078125
0 0.41484375 0.76015625 0.0921875 0.1
0 0.2640625 0.79765625 0.0921875 0.109375
0 0.140625 0.64921875 0.096875 0.1
0 0.621875 0.9 0.0640625 0.121875
0 0.20078125 0.65703125 0.090625 0.1171875
0 0.67578125 0.92734375 0.065625 0.10625
0 0.121875 0.5578125 0.0953125 0.090625
0 0.534375 0.89765625 0.065625 0.11875
0 0.3125 0.77734375 0.065625 0.1125
0 0.11953125 0.49765625 0.09375 0.084375
0 0.42890625 0.88671875 0.0796875 0.125
0 0.37265625 0.8203125 0.0875 0.1171875
0 0.46484375 0.8609375 0.0625 0.10625
0 0.32265625 0.86015625 0.0625 0.0875
0 0.37734375 0.884375 0.059375 0.075
0 0.49375 0.93203125 0.059375 0.090625
0 0.26015625 0.86015625 0.0453125 0.0578125
0 0.7 0.79296875 0.0421875 0.0484375
0 0.48828125 0.63984375 0.03125 0.03125
0 0.57421875 0.7578125 0.0375 0.0421875
0 0.67578125 0.9578125 0.040625 0.0453125