2 0.759375 0.18125 0.2328125 0.353125
2 0.5703125 0.34609375 0.278125 0.23125
2 0.3375 0.3921875 0.2390625 0.2609375
2 0.44765625 0.68828125 0.21875 0.3375
2 0.2796875 0.6765625 0.23125 0.2984375
2 0.90703125 0.73203125 0.1828125 0.2265625
2 0.93828125 0.6359375 0.1234375 0.21875
1 0.6416495109375 0.6507415453125 0.6052984046875001 0.6623018234375 0.5827351484375 0.69515181875 0.5791801750000001 0.7123220781249999 0.597588871875 0.7432003828125 0.6176630249999999 0.754279490625 0.6560530296875 0.7603002437499999 0.6722734499999999 0.7586454265625 0.6791209546875 0.75132195625 0.7184092984375 0.74068885 0.7249015125 0.7244457625 0.7171940484375 0.6989779125 0.7279518171875 0.6834038 0.7261935187499999 0.6672663359375 0.7034627312499999 0.6567036265625 0.681087234375 0.65506053125 0.67380975 0.645988340625 0.664305609375 0.6538282093750001 0.6578699328125001 0.649086728125 0.6426972281250001 0.649039778125 0.6416495109375 0.6507415453125
1 0.10610124531250001 0.384807725 0.07332326875 0.40765835937499995 0.0629954796875 0.4396281328125 0.06950584843749999 0.45184566249999997 0.06853281875 0.461023475 0.10226360000000001 0.5069008234375 0.11904522343749999 0.5081331437500001 0.1375104546875 0.5180268828125 0.164357421875 0.5143064734375 0.18155086874999998 0.5034738421875 0.18804308125 0.48723075624999995 0.1875384140625 0.46335904843750003 0.1760519078125 0.43263331718750003 0.16402235468749998 0.42748106249999995 0.140580984375 0.39907912031250004 0.1100862 0.384033128125 0.10610124531250001 0.384807725
1 0 0.4230101234375 0.006701443749999999 0.42660078125 0.0298440578125 0.4250985390625 0.064025040625 0.40946575156250004 0.0707231671875 0.3871901875 0.0872241890625 0.38697893906249997 0.08587771562499999 0.358776525 0.06411995468750001 0.33903600156249997 0.046496528125 0.33347297187499997 0.025524037500000003 0.3390477234375 0.00979013125 0.336113634375 0.0084618125 0.3363718328125 0.0007725031250000001 0.3393645953125 0 0.34017726718749997 0 0.4230101234375
1 0.382320890625 0.1108934859375 0.36806468125 0.1226532875 0.36389196875 0.157920975 0.3652384421875 0.186123390625 0.3746295125 0.2202526578125 0.38862327812499997 0.2355099 0.3908680890625 0.2470584546875 0.40184992499999994 0.25391247968749997 0.4143659921875 0.254475828125 0.4323265546875 0.24049785781250002 0.4429531015625 0.23843226562500003 0.4516335921875 0.254722303125 0.45631097187499997 0.2433263234375 0.457546446875 0.2071314640625 0.4549463453125 0.18666329375 0.44766886250000004 0.1775911046875 0.447313571875 0.1686714890625 0.421833303125 0.1226885171875 0.383649209375 0.1106352875 0.382320890625 0.1108934859375
1 0.45185547656249997 0 0.42704408125000004 0.004822846875 0.41987116249999995 0.006217120312499999 0.41813101875 0.018540273437499998 0.42696088750000005 0.0497824015625 0.4498410546875 0.075297203125 0.47047640937499996 0.08926345 0.4918788796875 0.100084359375 0.5214571718750001 0.10332359843750001 0.5297823703125 0.1106940203125 0.54138194375 0.099450615625 0.5441698046875 0.08542569375 0.554029234375 0.086505440625 0.5434592234375 0.06758646406249999 0.5470141984375 0.05041620625 0.53266514375 0.02623935 0.5076569281250001 0 0.45185547656249997 0
1 0.278423415625 1 0.2800985171875 0.989182128125 0.2742805765625 0.9663432171874999 0.27762963749999997 0.9552054359375 0.2631493609375 0.9445371015624999 0.25691959375 0.9337631421875001 0.23482469843749998 0.9335636171875 0.2172012703125 0.9280005875 0.21587295156250003 0.9282587875000001 0.2041986890625 0.932026146875 0.1944886375 0.9458984921875 0.17902245156250002 1 0.278423415625 1