2 0.660327509375 0.2490148515625 0.6924246171874999 0.25690573125 0.7850624625 0.2587867109375 0.7925526015625 0.2549862578125 0.82052398125 0.2546090359375 0.83545703125 0.24836048437499997 0.8709185515625 0.24418280937499998 0.8889798859375 0.23262748281249998 0.8893576890625001 0.2218086359375 0.860861121875 0.19508742343750002 0.7959055968750001 0.15896900625 0.7553681390625 0.1399513453125 0.7029314656250001 0.12458016875 0.6645777875000001 0.12730284218750001 0.64063768125 0.138652878125 0.631441725 0.14916378749999998 0.6347173953125 0.181774290625 0.6194065421875 0.1988416859375 0.62035675625 0.213768921875 0.6343925265625 0.23321512968749997 0.660327509375 0.2490148515625
2 0.5869715906249999 0.4955900875 0.598304103125 0.508171871875 0.5952230421875 0.51212629375 0.6391721375 0.51772304375 0.634810284375 0.5162167203125 0.6322014765625 0.506647584375 0.6443840437499999 0.494886965625 0.6515908296874999 0.499200646875 0.647276203125 0.4963419671875 0.64774845625 0.482818409375 0.6568971890624999 0.47365985781250003 0.6511128687500001 0.47074985625 0.6792674421875 0.4229888609375 0.708555425 0.3427713328125 0.70879155 0.3360095546875 0.7053742062499999 0.30745611875 0.6869765828125 0.2865035875 0.6576299609375 0.2841247765625 0.6472004390625 0.2878225828125 0.63046711875 0.3034863 0.623732584375 0.2856490625 0.613728090625 0.27717566875 0.6005008593750001 0.27671376406250003 0.5838619890625 0.2896727703125 0.5724879609375 0.320417690625 0.567523596875 0.42044068437500004 0.5869715906249999 0.4955900875
2 0.5233139796875 0.5908554609375 0.53564393125 0.6170121234375 0.5953875484375 0.67596661875 0.6530890625 0.709123709375 0.6648466015625 0.7095342921875 0.674945546875 0.715302975 0.694287675 0.7092083921875 0.6989801046874999 0.7012482265625 0.700497021875 0.69994719375 0.693904165625 0.678052890625 0.678398703125 0.658555359375 0.6526469109375 0.5953718671875 0.630454140625 0.55668474375 0.6161822453125 0.5440003156250001 0.6002517546874999 0.5366739859375 0.57076345625 0.538352240625 0.5601922593750001 0.546107115625 0.547773565625 0.5646295125 0.533029415625 0.565468640625 0.525492053125 0.57062145 0.5233139796875 0.5908554609375
2 0.2486989453125 0.7857204171875 0.2496019328125 0.8020000062499999 0.2608872203125 0.8159341453125 0.2724558578125 0.8217541515625 0.2989103203125 0.8226779609375001 0.3226615265625 0.8167373484375 0.351105159375 0.8028365687499999 0.40097454218750006 0.7653119078125 0.4283262859375 0.740540959375 0.44837679374999995 0.71416104375 0.46776614531250005 0.70671410625 0.47572853593750003 0.6893900953125 0.48473559218749995 0.684288609375 0.4848300421875 0.6815838984375 0.47506167499999996 0.6663487265625 0.4635874875 0.6578240109375 0.43566333124999995 0.656848878125 0.3808124609375 0.668473490625 0.343550671875 0.682066334375 0.2668017984375 0.7308383859375 0.251868746875 0.7370869375 0.24011120937500002 0.7366763546875 0.22622282343750003 0.755147428125 0.224328103125 0.7672673062500001 0.22992352187499998 0.77558673125 0.2486989453125 0.7857204171875
2 0.2825734890625 0.6162987375 0.307511034375 0.6185235796875 0.351224003125 0.630882109375 0.37867590624999997 0.6453808000000001 0.42153311093749996 0.6401073828125 0.433668453125 0.62969911875 0.43518537031250004 0.6283980859375 0.42081902343750005 0.61841836875 0.408300171875 0.597671128125 0.3908527640625 0.5916458328124999 0.38758280156249997 0.6010096765624999 0.3653012890625 0.6070016140625001 0.327419865625 0.59620073125 0.2926667265625 0.580093071875 0.24255550937499998 0.5824051640625 0.2423193828125 0.5891669421875 0.24800925000000001 0.5947816546875 0.26540943281249996 0.6021593078125 0.2825734890625 0.6162987375
2 0.1550443875 0 0.1594172171875 0.0135279046875 0.18634964062499998 0.042902507812500004 0.216363125 0.0683226890625 0.25244428124999996 0.0885387359375 0.26809141875 0.10397920000000001 0.2999051734375 0.11998421249999999 0.3055005921875 0.1283036375 0.32607628437499997 0.12902215781249998 0.331813378125 0.13328451562500002 0.348357796875 0.1230302203125 0.3501108421875 0.11496740937500001 0.3516277578125 0.1136663765625 0.34659904375 0.089118684375 0.33815869374999996 0.0779919015625 0.32900425312500003 0.0451761078125 0.302298140625 0 0.1550443875 0
2 0.0553695328125 0.12769289687500002 0.0536637125 0.134403353125 0.0547556046875 0.145273521875 0.070308290625 0.1634186953125 0.121322496875 0.1773861953125 0.15806480625 0.1786692640625 0.15768700468750002 0.189488109375 0.19357355 0.17313923281250002 0.2424512015625 0.1640140390625 0.271892275 0.1636881390625 0.2897647109375 0.15754223437499998 0.301947278125 0.1457816171875 0.302088953125 0.14172455 0.3008553875 0.1349114484375 0.254533609375 0.11298378281250002 0.2200638234375 0.088761990625 0.1575754296875 0.06626977656250001 0.11068694999999999 0.060570379687499995 0.1099313453125 0.0822080703125 0.102063403125 0.09682736875 0.1017800515625 0.10494150312499999 0.1090340640625 0.107902828125 0.098746215625 0.1075435671875 0.06745764843749999 0.118636990625 0.0553695328125 0.12769289687500002
1 1 0.42386468906249997 0.9958652375 0.41644263906249995 0.95992575625 0.3921695234375 0.9366940296875 0.383234225 0.9202912875000001 0.38943145156250003 0.8999517203125 0.38195115468749996 0.902560528125 0.39152028906249997 0.8891443953125 0.3964678078125 0.8798539875 0.40968342812499997 0.8884360156250001 0.416753140625 0.8962624390625 0.445460546875 0.9102982093750001 0.4649067546875 0.925898121875 0.481699571875 0.9561005078125 0.50171033125 0.9883392890625 0.50554414375 1 0.501970746875 1 0.42386468906249997
1 0.795915453125 0.5800648421875 0.8163494703125 0.5848404281249999 0.8487771531250001 0.58326481875 0.8874614093750001 0.5710756546875 0.8947154203125001 0.5740369796875 0.9027250359375 0.5553606140625 0.9027722609375 0.554008259375 0.8848941171875 0.518179815625 0.8354912796875 0.5002065734375 0.8194663406249999 0.4955849546875 0.7929646515625 0.4960135015625 0.7528579296875 0.5067989859375001 0.7672715015625 0.515426346875 0.7668937 0.52624519375 0.7559446984375 0.5448189125 0.7583646046875 0.5597974703124999 0.76685218125 0.569571896875 0.7771872531249999 0.5685787999999999 0.795915453125 0.5800648421875
1 0.7117327203125 1 0.7384599203125 0.9612418093749999 0.7385543703125 0.958537096875 0.734428646875 0.95026899375 0.7354203781249999 0.921869525 0.7271689265625 0.9053333218749999 0.7086296296875 0.8884378578125001 0.6807054734375 0.887462725 0.6761547218749999 0.8913658218749999 0.678621853125 0.904992025 0.6561042140625 0.9177457390624999 0.6512701078124999 0.929762971875 0.6496172234375 0.9770954203125 0.6739829312500001 1 0.7117327203125 1
1 0.6149055999999999 0.91766105625 0.6279911578124999 0.9221800296874999 0.6579517078125 0.9069782171874999 0.6753934078125 0.871029165625 0.6755350828125 0.8669720984374999 0.6559038968750001 0.8392064671874999 0.6241845921875 0.8204967406250001 0.6172139328124999 0.8094212828125 0.5850696015625 0.8028827578125 0.5614128468749999 0.8061186609375 0.5463853453125 0.815071921875 0.5383757296875 0.8337482875 0.538900915625 0.8608467234375 0.5515614453125 0.8775368953125 0.5554038171875 0.89391913125 0.604523303125 0.9200065093750001 0.6149055999999999 0.91766105625
1 0.21716439375 0.38247978125 0.23044455937500002 0.423563678125 0.2445275546875 0.44165753125 0.2779054515625 0.4550091546875 0.2943081953125 0.44881192812500004 0.32322408281250004 0.4213875921875 0.3289554671875 0.38367560312500004 0.33047238437500004 0.38237456875000003 0.3294277203125 0.37015204687500003 0.3223626109375 0.3617812984375 0.3286664078125 0.34981538749999996 0.3185202359375 0.3453990609375 0.31344429687500003 0.32220372343750003 0.29940852812499996 0.3027575171875 0.283194684375 0.303545321875 0.2694952 0.3166069734375 0.2592073546875 0.3162477140625 0.2550344046875 0.3093319671875 0.22810768750000002 0.3219317140625 0.21716439375 0.38247978125
1 0 0.878272896875 0.0082532203125 0.8869982562500001 0.0226667921875 0.8956256171874999 0.0490740296875 0.8979017828125 0.09254516562500001 0.8750477421875 0.1028802375 0.8740546468750001 0.11212341875000001 0.86219138125 0.11956633125 0.8597432843749999 0.1199441328125 0.8489244390625 0.12018025937500001 0.8421626609375 0.108800525 0.830933234375 0.1118815859375 0.8269788124999999 0.107850309375 0.8160059984375 0.08807744687499999 0.792297434375 0.0658431578125 0.796937015625 0.049723767187500004 0.7950201078125 0.0170127328125 0.8047098515625001 0 0.8203499515624999 0 0.878272896875