0 0.78203125 0.615625 0.015625 0.0171875
0 0.78828125 0.6359375 0.0140625 0.0140625
0 0.78671875 0.65390625 0.0140625 0.0140625
0 0.7984375 0.6484375 0.0140625 0.0140625
0 0.79375 0.66796875 0.0171875 0.0203125
0 0.78515625 0.6953125 0.0125 0.0203125
0 0.78046875 0.70859375 0.0203125 0.0265625
0 0.77578125 0.721875 0.009375 0.021875
0 0.76640625 0.72734375 0.021875 0.0296875
0 0.7546875 0.74140625 0.0203125 0.0296875
0 0.73984375 0.73671875 0.009375 0.0203125
0 0.7296875 0.74609375 0.0125 0.0203125
0 0.725 0.73046875 0.009375 0.021875
0 0.71875 0.74296875 0.015625 0.01875
0 0.715625 0.72890625 0.0109375 0.0140625
0 0.7 0.59375 0.0125 0.0203125
0 0.6890625 0.5921875 0.015625 0.0265625
0 0.6890625 0.6140625 0.0171875 0.0265625
0 0.67421875 0.60390625 0.01875 0.025
0 0.6765625 0.62578125 0.021875 0.028125
0 0.66640625 0.63203125 0.0171875 0.021875
0 0.67890625 0.64296875 0.0140625 0.0171875
0 0.66484375 0.6453125 0.0140625 0.015625
0 0.68046875 0.66796875 0.015625 0.0203125
0 0.6703125 0.66171875 0.01875 0.021875
0 0.67734375 0.7125 0.0140625 0.0171875
0 0.69140625 0.74140625 0.0140625 0.0203125
0 0.68125 0.7484375 0.0140625 0.0140625
0 0.6859375 0.759375 0.015625 0.01875
0 0.68046875 0.76796875 0.025 0.0234375
0 0.68203125 0.77890625 0.0171875 0.0171875
0 0.68203125 0.809375 0.015625 0.0203125
0 0.66328125 0.7015625 0.0140625 0.0234375
0 0.66953125 0.73515625 0.0140625 0.0203125
0 0.628125 0.67421875 0.0140625 0.0234375
0 0.6140625 0.71640625 0.0125 0.0203125
0 0.61484375 0.8046875 0.0125 0.01875
0 0.59453125 0.8484375 0.0171875 0.0140625
0 0.5875 0.83359375 0.015625 0.0171875
0 0.57890625 0.7953125 0.015625 0.0140625
0 0.59609375 0.78671875 0.0140625 0.0140625
0 0.6421875 0.44296875 0.025 0.0234375
0 0.6359375 0.4234375 0.01875 0.021875
0 0.6359375 0.40390625 0.01875 0.015625
0 0.63515625 0.3859375 0.01875 0.01875
0 0.71796875 0.40703125 0.0234375 0.028125
0 0.7484375 0.41875 0.01875 0.025
0 0.75625 0.40390625 0.01875 0.0234375
0 0.75546875 0.3890625 0.0171875 0.0171875
0 0.7263105249999999 0.302839015625 0.73214469375 0.30181029375 0.7364421531249999 0.29206645937500003 0.7337386109375 0.283557090625 0.7232996390624999 0.292586625 0.7263105249999999 0.302839015625
0 0.7515431312499999 0.2480678 0.73932264375 0.25381702968750003 0.7408593531250001 0.26253214375 0.7446671968749999 0.2636579328125 0.7481676984375001 0.2630407 0.7551061671875 0.2546284 0.7515431312499999 0.2480678
0 0.7426980765625 0.238844128125 0.7487770546875 0.2323805953125 0.74631831875 0.2184364140625 0.74048415 0.2194651359375 0.7353271984374999 0.23115773750000002 0.7347750484375 0.2348495265625 0.7415312421875 0.239049871875 0.7426980765625 0.238844128125
0 0.55523966875 0.48576671875 0.5551771343749999 0.47858888281249995 0.54633208125 0.4693652140625 0.5325748828125 0.46639933281249996 0.52797008125 0.47440014374999995 0.5303662828125 0.481166490625 0.550572334375 0.48658969531249996 0.55523966875 0.48576671875
0 0.4875 0.54765625 0.0171875 0.0171875
0 0.484375 0.5359375 0.015625 0.0140625
0 0.47578125 0.5296875 0.015625 0.01875
0 0.4640625 0.559375 0.0171875 0.0171875
0 0.48046875 0.565625 0.015625 0.0171875
0 0.46796875 0.57734375 0.015625 0.01875
0 0.4796875 0.58984375 0.0140625 0.0140625
0 0.47109375 0.609375 0.015625 0.01875
0 0.4765625 0.615625 0.0140625 0.015625
0 0.48515625 0.62109375 0.0171875 0.015625
0 0.48828125 0.63359375 0.0203125 0.015625
0 0.49375 0.64453125 0.0171875 0.015625
0 0.5015625 0.69765625 0.01875 0.021875
0 0.49375 0.70546875 0.0171875 0.0171875
0 0.49140625 0.7171875 0.0125 0.0171875
0 0.48046875 0.7125 0.015625 0.0140625
0 0.484375 0.7296875 0.015625 0.021875
0 0.509375 0.76953125 0.0140625 0.0171875
0 0.50546875 0.78046875 0.015625 0.0203125
0 0.50234375 0.79765625 0.0125 0.021875
0 0.49609375 0.80390625 0.0140625 0.021875
0 0.4890625 0.81015625 0.0125 0.0203125
0 0.46015625 0.6890625 0.0171875 0.0203125
0 0.46953125 0.671875 0.0140625 0.0171875
0 0.4609375 0.6671875 0.0125 0.01875
0 0.4828125 0.6796875 0.01875 0.021875
0 0.41328125 0.684375 0.015625 0.01875
0 0.43203125 0.68046875 0.0078125 0.0140625
0 0.42421875 0.6703125 0.0125 0.0171875
0 0.434375 0.66796875 0.0125 0.0203125
0 0.396875 0.62734375 0.0140625 0.01875
0 0.48203125 0.81953125 0.0125 0.021875
0 0.7875 0.23984375 0.009375 0.021875
0 0.7828125 0.253125 0.0109375 0.0234375
0 0.77421875 0.25390625 0.0125 0.0234375
0 0.77109375 0.2703125 0.015625 0.0234375
0 0.7640625 0.27734375 0.0140625 0.0203125
0 0.7625 0.29453125 0.015625 0.0140625
0 0.7671875 0.30546875 0.0171875 0.0171875
0 0.75859375 0.31328125 0.0171875 0.015625
0 0.76796875 0.32421875 0.0203125 0.01875
0 0.7640625 0.3375 0.015625 0.0171875
0 0.75859375 0.375 0.01875 0.0203125
0 0.76171875 0.35625 0.0171875 0.0171875
0 0.771875 0.35 0.0171875 0.0140625
0 0.80234375 0.40625 0.015625 0.0265625
0 0.79375 0.39140625 0.0140625 0.0125
0 0.7875 0.38515625 0.015625 0.0171875
0 0.71015625 0.27109375 0.015625 0.021875
0 0.65 0.271875 0.0140625 0.025
0 0.58828125 0.36015625 0.0140625 0.0203125
0 0.57734375 0.35390625 0.0125 0.0234375
0 0.5875 0.340625 0.015625 0.0203125
0 0.60078125 0.3328125 0.015625 0.0203125
0 0.590625 0.32421875 0.0109375 0.015625
0 0.59765625 0.3171875 0.0234375 0.01875
0 0.5515625 0.25234375 0.0125 0.0203125
0 0.54296875 0.2515625 0.0140625 0.0265625
0 0.5328125 0.2515625 0.0125 0.021875
0 0.54453125 0.19375 0.0140625 0.01875
0 0.56875 0.1984375 0.01875 0.021875
0 0.5328125 0.36640625 0.015625 0.0203125
0 0.5125 0.26796875 0.0140625 0.0234375
0 0.50546875 0.284375 0.015625 0.0203125
0 0.50390625 0.325 0.0140625 0.01875
0 0.48828125 0.34375 0.01875 0.021875
0 0.4984375 0.35234375 0.015625 0.0171875
0 0.471875 0.3734375 0.01875 0.021875
0 0.478125 0.3265625 0.021875 0.025
0 0.47578125 0.303125 0.01875 0.01875
0 0.48046875 0.28125 0.0171875 0.015625
0 0.6703125 0.27578125 0.0140625 0.0234375
0 0.66875 0.246875 0.015625 0.0203125
0 0.7421875 0.2125 0.015625 0.0171875
0 0.76171875 0.1859375 0.009375 0.0203125
0 0.77890625 0.14453125 0.0140625 0.0265625
0 0.715625 0.021875 0.015625 0.0171875
0 0.728125 0.00234375 0.015625 0.0046875
0 0.6671875 0.02421875 0.015625 0.01875
0 0.65234375 0.0109375 0.0171875 0.021875
0 0.6328125 0.03359375 0.01875 0.025
0 0.64609375 0.0296875 0.0171875 0.015625
0 0.640625 0.0171875 0.015625 0.0171875
0 0.65703125 0.0390625 0.0171875 0.015625
0 0.6484375 0.0484375 0.01875 0.0203125
0 0.64453125 0.0640625 0.0140625 0.01875
0 0.63046875 0.0578125 0.01875 0.025
0 0.60234375 0.0609375 0.0140625 0.0203125
0 0.63125 0.07578125 0.0171875 0.0171875
0 0.63203125 0.13984375 0.0140625 0.0125
0 0.60234375 0.14296875 0.0171875 0.015625
0 0.628125 0.09765625 0.0171875 0.0296875
0 0.6203125 0.10703125 0.0140625 0.0296875
0 0.6421875 0.08984375 0.0125 0.015625
0 0.6484375 0.08359375 0.0171875 0.0234375
0 0.6078125 0.096875 0.0125 0.0234375
0 0.4640625 0.35703125 0.0234375 0.0171875
0 0.45625 0.3453125 0.01875 0.0171875
0 0.45859375 0.33125 0.0171875 0.015625
0 0.44453125 0.3328125 0.021875 0.021875
0 0.4421875 0.31640625 0.015625 0.0171875
0 0.4328125 0.3171875 0.0125 0.0203125
0 0.42890625 0.30234375 0.0125 0.015625
0 0.44453125 0.2859375 0.0171875 0.0171875
0 0.44296875 0.2703125 0.025 0.0203125
0 0.4703125 0.2703125 0.0171875 0.01875
0 0.44296875 0.21171875 0.0265625 0.01875
0 0.35703125 0.184375 0.0140625 0.025
0 0.34453125 0.184375 0.0140625 0.0234375
0 0.33828125 0.20703125 0.015625 0.0203125
0 0.33359375 0.2203125 0.0125 0.0203125
0 0.33671875 0.24296875 0.021875 0.025
0 0.33828125 0.26328125 0.0171875 0.0234375
0 0.33046875 0.2890625 0.015625 0.01875
0 0.31796875 0.315625 0.0171875 0.0234375
0 0.32421875 0.33828125 0.0203125 0.021875
0 0.35859375 0.390625 0.015625 0.0234375
0 0.340625 0.37109375 0.01875 0.0203125
0 0.36875 0.315625 0.0140625 0.0203125
0 0.38828125 0.3046875 0.0140625 0.0265625
0 0.4015625 0.30859375 0.0140625 0.021875
0 0.41484375 0.28125 0.0203125 0.0265625
0 0.440625 0.23828125 0.021875 0.034375
2 0.746569846875 0.6497237234375 0.7509870453125 0.6201894078125 0.751653609375 0.5625609859375 0.7495022171875 0.5503598281250001 0.7429908281250001 0.54072466875 0.7321819828125 0.5408333453124999 0.728436675 0.546885390625 0.71197593125 0.535410140625 0.706204296875 0.5436166984375 0.7024017812500001 0.5766370578125 0.7162947 0.6622509078125 0.7283954484375 0.6762921562499999 0.7365632843750001 0.6748519468749999 0.746569846875 0.6497237234375
2 0.9100662390625001 0.3351376734375 0.8980280265625 0.328274259375 0.84122304375 0.3472765859375 0.8382174859375 0.37117034531250004 0.8403688796875001 0.383371503125 0.8643827734375 0.38992049687499997 0.8704118031249999 0.388857415625 0.900554621875 0.3835424234375 0.911300934375 0.37625591406250003 0.9167026953124999 0.3591285 0.9100662390625001 0.3351376734375
2 0.7559550046875 0.1843873328125 0.7456304484375 0.13948023437499998 0.73064388125 0.1295422640625 0.7041140453125 0.1360174046875 0.663524996875 0.17192979375 0.6566490625 0.187519928125 0.6573262796875 0.1981838078125 0.663837665625 0.20781896562500002 0.678209546875 0.2142708921875 0.6974935734375001 0.214465028125 0.7037162984374999 0.21336779374999998 0.7365512390625 0.2039836765625 0.7559550046875 0.1843873328125
2 0.7030825859375 0.1182271265625 0.7342641234375 0.10913455000000001 0.7696336875 0.07773692812500001 0.774483296875 0.064301303125 0.7723319046875 0.052100146874999996 0.7641015328125 0.046362521875 0.762502290625 0.0304695734375 0.757465078125 0.022371693749999998 0.7480678734375 0.0168398140625 0.7387332046874999 0.01848576875 0.7172405796875 0.033058789062499996 0.68427254375 0.10536890624999999 0.6887576046875 0.11715857656249999 0.6963732921875 0.11941015625 0.7030825859375 0.1182271265625
2 0.6112729375 0.24404577500000002 0.596104096875 0.24672044999999998 0.5950570046875 0.22713571406250002 0.5850451156250001 0.21811778906249998 0.5719026015625001 0.21863795156250002 0.5606666734375 0.2367940875 0.5418882453125 0.3281687765625 0.551717859375 0.34979935 0.5587188624999999 0.348564884375 0.5856757796875 0.324042284375 0.6114605390625 0.26557927812500004 0.6112729375 0.24404577500000002
2 0.392152984375 0.2772908890625 0.400320821875 0.27585067812499997 0.41511978593750004 0.2642551453125 0.42113622968750003 0.2506137765625 0.4434776921875 0.1657996890625 0.44482679999999997 0.152981296875 0.44095642343749997 0.1446776734375 0.42640226718749996 0.15083839375000002 0.423271640625 0.16037648437500002 0.41073848437500005 0.1302365453125 0.393480784375 0.127887896875 0.3888759828125 0.1358887078125 0.38077600624999997 0.17865290312499998 0.3799843765625 0.2219256546875 0.3847195734375 0.2624266609375 0.392152984375 0.2772908890625
2 0.6811393734375 0.8859127859375 0.6768365875 0.86151046875 0.642680409375 0.79744173125 0.6306421953125 0.790578315625 0.6236465203125 0.8259589328124999 0.63084045 0.8804041203124999 0.644847784375 0.9120813390625001 0.6563338484375 0.9226365421875 0.6575006828125 0.9224307984375001 0.6735290140625 0.91780735625 0.680160140625 0.9076520328125 0.6811393734375 0.8859127859375
2 0.5721754359375 0.7865098609375 0.5780096046875001 0.7854811390625 0.6088369015625 0.7692621640625 0.6112277765624999 0.741882359375 0.606435371875 0.7283496671874999 0.5870262796875 0.7137998624999999 0.5774468015625 0.720880628125 0.5718574390625 0.7164745390625 0.549442790625 0.7258184921875 0.552021265625 0.719972190625 0.5490729140624999 0.716897634375 0.518735234375 0.7222469859375 0.5170215781249999 0.7602906703125 0.52181398125 0.7738233625000001 0.5470572421875 0.7873444453125 0.5721754359375 0.7865098609375
2 0.17703380468750002 0.3673414453125 0.1668968484375 0.3439678515625 0.1598333125 0.33802448281249997 0.1388303046875 0.34172787968749996 0.076378753125 0.3832924328125 0.0712843359375 0.4021628671875 0.074295221875 0.412415259375 0.10248683437499999 0.42901090000000003 0.10948783749999999 0.427776434375 0.132517171875 0.42191852656249995 0.177283940625 0.396052784375 0.17703380468750002 0.3673414453125
2 0.11796440781249999 0.830655215625 0.1077077109375 0.827072103125 0.097883425 0.8395876812499999 0.058091334375000005 0.8663734671875 0.0660822234375 0.9116920531250001 0.0769536046875 0.9187612125 0.0697703265625 0.932608325 0.0713070359375 0.9413234375 0.0748075359375 0.9407062046875 0.116683159375 0.8847975921875 0.1230016171875 0.8387530953125 0.11796440781249999 0.830655215625
0 0.7375 0.8828125 0.0125 0.0203125
0 0.7234375 0.88515625 0.0125 0.0203125
0 0.725 0.865625 0.015625 0.01875
0 0.71171875 0.85546875 0.015625 0.0203125
0 0.70234375 0.84296875 0.01875 0.025
0 0.609375 0.86015625 0.0125 0.0203125
0 0.59609375 0.86171875 0.0140625 0.0140625
0 0.6046875 0.8765625 0.0125 0.0203125
0 0.65390625 0.70390625 0.0140625 0.0265625
0 0.20625 0.2921875 0.01875 0.025
0 0.18515625 0.16484375 0.0203125 0.021875
0 0.17734375 0.178125 0.021875 0.021875
0 0.18046875 0.1953125 0.021875 0.01875
0 0.184375 0.2171875 0.015625 0.0203125
0 0.1875 0.234375 0.01875 0.021875
0 0.19453125 0.2484375 0.01875 0.01875
0 0.20625 0.26953125 0.01875 0.0234375
0 0.1875 0.27890625 0.01875 0.025
0 0.175 0.2640625 0.0296875 0.0296875
0 0.0734375 0.4796875 0.0125 0.021875
0 0.08515625 0.4875 0.0171875 0.0265625
0 0.09453125 0.47578125 0.0140625 0.0328125
0 0.10390625 0.47734375 0.009375 0.021875
0 0.1109375 0.46875 0.021875 0.0390625
0 0.121875 0.46328125 0.015625 0.0359375
0 0.13046875 0.46328125 0.015625 0.025
0 0.1328125 0.45078125 0.0171875 0.0265625
0 0.140625 0.44453125 0.009375 0.0140625
0 0.1375 0.43046875 0.01875 0.021875
0 0.14921875 0.4234375 0.015625 0.0171875
0 0.10859375 0.3328125 0.015625 0.0234375
0 0.10078125 0.3109375 0.015625 0.0265625
0 0.30546875 0.8359375 0.01875 0.025
0 0.1359375 0.63046875 0.0140625 0.0140625
0 0.13984375 0.64140625 0.0296875 0.0234375
0 0.1453125 0.65625 0.021875 0.021875
0 0.13984375 0.66796875 0.01875 0.01875
0 0.14453125 0.68515625 0.025 0.021875
0 0.1421875 0.70234375 0.025 0.025
0 0.140625 0.71875 0.015625 0.0234375
0 0.13125 0.71640625 0.0125 0.021875
0 0.12265625 0.725 0.01875 0.01875
0 0.1171875 0.73515625 0.01875 0.01875
0 0.12109375 0.75703125 0.0171875 0.0265625
0 0.11171875 0.76171875 0.009375 0.0171875
0 0.10234375 0.76328125 0.0140625 0.015625
0 0.07890625 0.76640625 0.015625 0.0171875
0 0.0671875 0.775 0.0171875 0.03125
0 0.05546875 0.7890625 0.021875 0.025
0 0.1671875 0.94921875 0.0171875 0.0171875
0 0.17734375 0.959375 0.01875 0.025
0 0.184375 0.9734375 0.021875 0.021875
0 0.1890625 0.98515625 0.0203125 0.0234375
0 0.19296875 0.99140625 0.0171875 0.0171875
0 0.5171875 0.37109375 0.015625 0.021875
0 0.615625 0.0125 0.015625 0.0203125