2 0.1265625 0.45859375 0.07109375 0.12265625
2 0.19609375 0.3265625 0.0546875 0.1015625
2 0.23359375 0.38359375 0.08359375 0.0921875
2 0.3171875 0.46484375 0.0578125 0.090625
2 0.35078125 0.5 0.0734375 0.07890625
2 0.5953125 0.50703125 0.08828125 0.12421875
2 0.63359375 0.1515625 0.06640625 0.0921875
2 0.659375 0.3421875 0.08046875 0.06640625
2 0.65390625 0.28046875 0.07421875 0.08046875
2 0.80703125 0.1390625 0.06015625 0.0890625
2 0.9015625 0.0359375 0.08828125 0.06640625
2 0.92109375 0.159375 0.0671875 0.06796875
2 0.9359375 0.26171875 0.0625 0.06328125
2 0.92734375 0.21796875 0.08125 0.046875
2 0.7828125 0.33984375 0.06875 0.0921875
2 0.71484375 0.46796875 0.0765625 0.04921875
2 0.8296875 0.44375 0.06171875 0.0765625
2 0.91015625 0.3859375 0.0421875 0.1140625
2 0.9484375 0.36328125 0.05078125 0.084375
2 0.74765625 0.5625 0.04609375 0.0921875
2 0.7859375 0.54609375 0.059375 0.0859375
2 0.146875 0.8109375 0.08984375 0.09296875
2 0.1703125 0.86015625 0.0546875 0.09609375
2 0.24765625 0.83984375 0.06953125 0.0921875
2 0.28515625 0.91953125 0.0578125 0.11015625
2 0.1078125 0.9578125 0.065625 0.084375
2 0.5390625 0.95703125 0.0828125 0.06640625
2 0.71953125 0.9015625 0.08125 0.0609375
2 0.7515625 0.94921875 0.08828125 0.0765625