2 0.1302982734375 0.6875 0.11616954531250001 0.7175 0.1240188390625 0.7525000000000001 0.13814756718750001 0.765 0.16169544687499998 0.77 0.22135007812500002 0.745 0.274725275 0.7075 0.30298273125 0.67 0.3218210359375 0.6599999999999999 0.340659340625 0.6275000000000001 0.3375196234375 0.595 0.3139717421875 0.58 0.3014128734375 0.575 0.281004709375 0.5825 0.22135007812500002 0.5675 0.21978022031250002 0.5650000000000001 0.139717425 0.5775 0.10989010937499999 0.61 0.10361067500000001 0.6325000000000001 0.105180534375 0.6575 0.1130298265625 0.675 0.1302982734375 0.6875
1 0 0.45499999999999996 0.00784929375 0.4875 0.029827315625 0.525 0.06750392499999999 0.5475 0.07535321874999999 0.5599999999999999 0.07535321874999999 0.53 0.0879120875 0.5125 0.0879120875 0.48 0.08006279375 0.45999999999999996 0.08006279375 0.44000000000000006 0.0565149140625 0.40750000000000003 0.031397175 0.3875 0.0204081625 0.3875 0.0094191515625 0.3875 0 0.41500000000000004 0 0.45499999999999996
1 0.2119309265625 0.24 0.19937205625 0.23500000000000001 0.16640502343750002 0.28250000000000003 0.1726844578125 0.3075 0.169544740625 0.3325 0.17896389375 0.3725 0.1679748828125 0.41 0.1821036109375 0.4025 0.19937205625 0.43499999999999994 0.2229199375 0.445 0.23547880625 0.44000000000000006 0.24175824218750003 0.41500000000000004 0.2590266875 0.395 0.2794348515625 0.3975 0.30298273125 0.37 0.31083202499999996 0.34500000000000003 0.309262165625 0.25 0.2919937203125 0.22000000000000003 0.268445840625 0.2125 0.26687598125 0.21000000000000002 0.2637362640625 0.21749999999999997 0.2433281 0.2225 0.2480376765625 0.24 0.2401883828125 0.2625 0.2260596546875 0.26 0.2119309265625 0.24
1 0.6059654625 0.42750000000000005 0.6326530609375001 0.365 0.6326530609375001 0.3325 0.6216640499999999 0.265 0.6106750390625 0.23500000000000001 0.5855573 0.22749999999999998 0.583987440625 0.225 0.555729984375 0.25 0.5510204078125 0.29500000000000004 0.554160125 0.34500000000000003 0.5667189953125 0.395 0.5949764515625 0.42750000000000005 0.6059654625 0.42750000000000005
1 0.687598115625 0.3175 0.7080062796875 0.2925 0.71271585625 0.2475 0.695447409375 0.1775 0.6718995296875 0.14750000000000002 0.653061225 0.1375 0.6483516484375 0.1375 0.6405023546875 0.13999999999999999 0.627943484375 0.1625 0.627943484375 0.22000000000000003 0.643642071875 0.27 0.659340659375 0.29500000000000004 0.687598115625 0.3175
1 0.9764521187499999 0.31 0.9952904234375 0.2925 0.9952904234375 0.22749999999999998 0.9874411296875 0.20750000000000002 0.9874411296875 0.19 0.9748822609375001 0.16499999999999998 0.9450549453124999 0.14250000000000002 0.934065934375 0.14250000000000002 0.91993720625 0.1775 0.918367346875 0.215 0.9246467812500001 0.24500000000000002 0.9450549453124999 0.29 0.962323390625 0.31 0.9764521187499999 0.31
1 0.8100470953125001 0.6625 0.8367346937500001 0.655 0.8697017265625 0.6224999999999999 0.8806907374999999 0.5974999999999999 0.8854003140625 0.5425 0.8806907374999999 0.5325 0.866562009375 0.5275000000000001 0.858189953125 0.5275000000000001 0.8257456828124999 0.5325 0.794348509375 0.575 0.783359496875 0.58 0.783359496875 0.6174999999999999 0.7755102046875 0.63 0.8100470953125001 0.6625
1 0.8320251171875 0.9974999999999999 0.9058084765625001 0.9974999999999999 0.9120879125 0.9650000000000001 0.9073783359375 0.8875 0.8854003140625 0.85 0.8767660906250001 0.85 0.8681318687499999 0.85 0.8524332812500001 0.8724999999999999 0.8351648359375 0.9125 0.8288854000000001 0.95 0.8335949765624999 0.97 0.8320251171875 0.9974999999999999
1 0.324960753125 0.8949999999999999 0.3736263734375 0.85 0.3830455265625 0.8324999999999999 0.38618524375 0.7975 0.38147566718750003 0.7675 0.3626373625 0.7474999999999999 0.348508634375 0.7474999999999999 0.3296703296875 0.7575000000000001 0.28571428593750003 0.805 0.2778649921875 0.8225 0.2794348515625 0.8875 0.2919937203125 0.8949999999999999 0.324960753125 0.8949999999999999
1 0.20251177343750001 0.9974999999999999 0.2841444265625 0.9974999999999999 0.2778649921875 0.9175000000000001 0.24646781718750002 0.86 0.23547880625 0.8525 0.2260596546875 0.8525 0.200941915625 0.9025000000000001 0.1946624796875 0.93 0.1978021984375 0.95 0.1868131875 0.9800000000000001 0.19623233906249998 0.9824999999999999 0.20251177343750001 0.9974999999999999
2 0.032967032812500005 0.9974999999999999 0.11616954531250001 0.9974999999999999 0.1208791203125 0.9349999999999999 0.13814756718750001 0.9075 0.12244897968749999 0.9175000000000001 0.1145996859375 0.89 0.1004709578125 0.8775000000000001 0.0989010984375 0.875 0.0769230765625 0.9 0.05965463125 0.9425000000000001 0.05180533750000001 0.9400000000000001 0.053375196874999996 0.9550000000000001 0.04395604375 0.9625 0.032967032812500005 0.9974999999999999
1 0.42229199375000004 0.9574999999999999 0.40659340625 0.975 0.40188382968749997 0.9974999999999999 0.4631083203125 0.9974999999999999 0.44740973281249996 0.9675 0.43171114531250004 0.9574999999999999 0.42229199375000004 0.9574999999999999
1 0.7598116171875 0.82 0.79277865 0.7975 0.80062794375 0.7849999999999999 0.80062794375 0.76 0.8100470953125001 0.75 0.8131868125 0.76 0.82103610625 0.755 0.8147566718749999 0.7474999999999999 0.8257456828124999 0.735 0.82103610625 0.72 0.799058084375 0.7 0.783359496875 0.7 0.7802197796875 0.7 0.7723704859375 0.7125 0.7362637359375 0.735 0.7158555734375 0.7875 0.7237048671874999 0.79 0.7362637359375 0.8125 0.7598116171875 0.82