2 0.91328125 0.7484375 0.08125 0.1390625
2 0.95390625 0.65546875 0.0921875 0.0828125
2 0.97109375 0.84375 0.0578125 0.08125
2 0.9640625 0.5453125 0.0703125 0.1171875
2 0.87109375 0.61171875 0.1171875 0.084375
2 0.840625 0.52265625 0.1359375 0.0640625
2 0.84765625 0.4109375 0.0953125 0.1109375
2 0.74375 0.30546875 0.08125 0.075
2 0.81171875 0.2890625 0.0953125 0.0859375
2 0.83046875 0.20625 0.0796875 0.08125
2 0.7359375 0.2 0.1015625 0.071875
2 0.6765625 0.628125 0.10625 0.0765625
2 0.64921875 0.553125 0.1171875 0.075
2 0.5921875 0.4453125 0.1171875 0.071875
2 0.64296875 0.31796875 0.103125 0.078125
2 0.54921875 0.371875 0.0921875 0.0796875
2 0.46484375 0.26484375 0.0828125 0.1609375
2 0.53046875 0.22734375 0.065625 0.1234375
2 0.44296875 0.615625 0.0765625 0.08125
2 0.50859375 0.7171875 0.0859375 0.0984375
2 0.503125 0.87734375 0.096875 0.0640625
2 0.50859375 0.82265625 0.1140625 0.0875
2 0.51484375 0.94453125 0.0796875 0.0890625
2 0.578125 0.9703125 0.0953125 0.0578125
2 0.590625 0.90546875 0.0734375 0.078125
2 0.421875 0.90546875 0.0890625 0.1296875
2 0.2546875 0.37734375 0.096875 0.1390625
2 0.16875 0.09296875 0.0921875 0.1265625
2 0.14609375 0.25078125 0.1203125 0.1015625
2 0.1234375 0.33984375 0.1015625 0.078125
2 0.096875 0.45078125 0.11875 0.1015625
2 0.0921875 0.52421875 0.1015625 0.075
2 0.1296875 0.60234375 0.1140625 0.09375
2 0.06171875 0.946875 0.1078125 0.10625