2 0.30390625 0.93984375 0.146875 0.096875
2 0.4 0.95859375 0.09375 0.0828125
2 0.215625 0.98828125 0.0875 0.0234375
2 0.5109375 0.96171875 0.125 0.0765625
2 0.434375 0.88125 0.0984375 0.1265625
2 0.51875 0.840625 0.08125 0.1421875
2 0.63046875 0.834375 0.1234375 0.1078125
2 0.7234375 0.71796875 0.084375 0.0890625
2 0.74765625 0.78359375 0.096875 0.1046875
2 0.83203125 0.7921875 0.0890625 0.0890625
2 0.8265625 0.69765625 0.0828125 0.109375
2 0.39453125 0.690625 0.0890625 0.1140625
2 0.465625 0.6546875 0.0890625 0.125
2 0.565625 0.584375 0.0859375 0.125
2 0.6984375 0.61953125 0.090625 0.1109375
2 0.63359375 0.53359375 0.090625 0.1
2 0.72890625 0.4359375 0.16875 0.1015625
2 0.77421875 0.496875 0.1296875 0.0796875
2 0.378125 0.45703125 0.0890625 0.0859375
2 0.2859375 0.53515625 0.1078125 0.096875
2 0.12578125 0.54921875 0.075 0.103125
2 0.18125 0.54765625 0.1015625 0.125
2 0.0609375 0.56875 0.0984375 0.0890625
2 0.0421875 0.634375 0.06875 0.1
2 0.10859375 0.6390625 0.0859375 0.08125
2 0.08828125 0.471875 0.1390625 0.10625
2 0.59140625 0.24140625 0.1484375 0.1125
2 0.86328125 0.121875 0.1359375 0.109375
2 0.7046875 0.11875 0.1171875 0.13125
2 0.6125 0.10703125 0.0890625 0.109375
2 0.5 0.09375 0.115625 0.1296875
2 0.4265625 0.0984375 0.0859375 0.109375
2 0.353125 0.1453125 0.10625 0.125
2 0.03125 0.11953125 0.0625 0.1203125