2 0.24453125 0.09140625 0.1375 0.078125
2 0.33671875 0.04921875 0.08125 0.08984375
2 0.146875 0.03125 0.0796875 0.0625
2 0.446875 0.03671875 0.11640625 0.06796875
2 0.38203125 0.13125 0.0828125 0.11484375
2 0.47109375 0.16015625 0.0625 0.13515625
2 0.5828125 0.15078125 0.11015625 0.09296875
2 0.690625 0.253125 0.0734375 0.0796875
2 0.70546875 0.184375 0.084375 0.09296875
2 0.78828125 0.1640625 0.0796875 0.078125
2 0.79609375 0.25859375 0.0703125 0.1
2 0.36875 0.32578125 0.075 0.1046875
2 0.44453125 0.3515625 0.0734375 0.11484375
2 0.553125 0.40703125 0.0703125 0.115625
2 0.6796875 0.35390625 0.0765625 0.1015625
2 0.62734375 0.4484375 0.078125 0.09140625
2 0.7359375 0.53125 0.15859375 0.0796875
2 0.771875 0.46484375 0.12109375 0.0640625
2 0.38515625 0.559375 0.0796875 0.075
2 0.2828125 0.4953125 0.09609375 0.08515625
2 0.12265625 0.503125 0.0625 0.0953125
2 0.17734375 0.496875 0.0859375 0.11328125
2 0.05546875 0.49296875 0.08828125 0.078125
2 0.028125 0.43046875 0.05625 0.09296875
2 0.09296875 0.41640625 0.0765625 0.07109375
2 0.09609375 0.58515625 0.128125 0.08828125
2 0.6265625 0.74296875 0.1375 0.09453125
2 0.9125 0.82421875 0.125 0.09140625
2 0.75546875 0.84921875 0.10078125 0.11875
2 0.66640625 0.8734375 0.0765625 0.1
2 0.55625 0.90234375 0.09921875 0.1171875
2 0.4828125 0.9078125 0.0734375 0.1
2 0.40390625 0.871875 0.09140625 0.11171875
2 0.05859375 0.94609375 0.11015625 0.10703125