1 0.1828125 0.2921875 0.0203125 0.01015625
1 0.215625 0.47578125 0.02578125 0.01328125
1 0.4078125 0.646875 0.028125 0.015625
1 0.21015625 0.45546875 0.028125 0.01640625
1 0.37734375 0.5671875 0.0234375 0.0140625
1 0.134375 0.4359375 0.03671875 0.01875
1 0.43984375 0.35703125 0.03515625 0.0203125
1 0.57109375 0.43828125 0.02734375 0.015625
1 0.60625 0.3625 0.03125 0.0171875
1 0.33828125 0.48359375 0.034375 0.01875
1 0.19140625 0.36171875 0.02734375 0.0125
1 0.50234375 0.578125 0.0234375 0.01484375
1 0.44140625 0.75703125 0.0296875 0.02109375
1 0.38125 0.5265625 0.0234375 0.015625
1 0.4421875 0.68671875 0.040625 0.01953125
1 0.23203125 0.28671875 0.01953125 0.0109375
1 0.3046875 0.4359375 0.0265625 0.0125
1 0.34140625 0.41875 0.03203125 0.01640625
1 0.3046875 0.5453125 0.0359375 0.02265625
1 0.40703125 0.57265625 0.03359375 0.01796875
1 0.63984375 0.63515625 0.04375 0.02265625
1 0.3984375 0.3046875 0.02890625 0.01484375
1 0.3375 0.37421875 0.02890625 0.01640625
1 0.64765625 0.68828125 0.02578125 0.01484375
1 0.27109375 0.32421875 0.040625 0.015625
1 0.12109375 0.45859375 0.0234375 0.01328125
1 0.28046875 0.56328125 0.03828125 0.021875
1 0.6109375 0.61015625 0.0375 0.021875
1 0.28828125 0.41796875 0.0234375 0.01328125
1 0.425 0.628125 0.0265625 0.01328125
1 0.2359375 0.49765625 0.02734375 0.01640625
1 0.4390625 0.41796875 0.04296875 0.02109375
1 0.13515625 0.4078125 0.0359375 0.01875
1 0.515625 0.4921875 0.034375 0.01953125
1 0.63828125 0.85234375 0.0265625 0.01796875
1 0.5390625 0.3625 0.05546875 0.025
1 0.52109375 0.7671875 0.02109375 0.0125
1 0.2015625 0.39375 0.0296875 0.01328125
1 0.41875 0.50546875 0.0359375 0.0203125
1 0.31328125 0.39296875 0.02734375 0.015625
1 0.61953125 0.4140625 0.0265625 0.015625
1 0.36328125 0.28671875 0.0296875 0.015625
1 0.4703125 0.61953125 0.02890625 0.01796875
1 0.36015625 0.3421875 0.04609375 0.0234375
1 0.1671875 0.5265625 0.02421875 0.01328125
1 0.2625 0.50859375 0.028125 0.01484375
1 0.7671875 0.43203125 0.03671875 0.02421875