1 0.77421875 0.7625 0.0140625 0.021875
1 0.5875 0.771875 0.0171875 0.0265625
1 0.37734375 0.62265625 0.021875 0.03125
1 0.60859375 0.77265625 0.021875 0.03125
1 0.4625 0.634375 0.01875 0.0265625
1 0.64453125 0.8421875 0.0265625 0.040625
1 0.653125 0.5265625 0.028125 0.0375
1 0.54453125 0.4171875 0.021875 0.03125
1 0.61015625 0.365625 0.0234375 0.034375
1 0.55234375 0.65390625 0.0265625 0.0375
1 0.70390625 0.76953125 0.01875 0.0296875
1 0.4234375 0.515625 0.0203125 0.0265625
1 0.2625 0.61484375 0.028125 0.034375
1 0.50078125 0.621875 0.0203125 0.0265625
1 0.33125 0.5984375 0.028125 0.04375
1 0.76796875 0.71328125 0.015625 0.0203125
1 0.60625 0.67578125 0.01875 0.028125
1 0.61484375 0.6359375 0.021875 0.034375
1 0.5 0.70078125 0.0296875 0.040625
1 0.45 0.60703125 0.0265625 0.0375
1 0.33671875 0.39453125 0.03125 0.046875
1 0.71328125 0.5546875 0.021875 0.03125
1 0.659375 0.6296875 0.021875 0.03125
1 0.28359375 0.3984375 0.0203125 0.028125
1 0.72265625 0.68359375 0.025 0.04375
1 0.62578125 0.86015625 0.0171875 0.025
1 0.4875 0.728125 0.0296875 0.0421875
1 0.36796875 0.41640625 0.0296875 0.0421875
1 0.62734375 0.6875 0.0171875 0.025
1 0.3921875 0.6015625 0.01875 0.028125
1 0.56171875 0.75703125 0.021875 0.03125
1 0.59375 0.540625 0.03125 0.046875
1 0.671875 0.834375 0.0265625 0.0390625
1 0.50390625 0.4828125 0.0265625 0.0375
1 0.12578125 0.44453125 0.025 0.0296875
1 0.625 0.43125 0.0375 0.0609375
1 0.23515625 0.53984375 0.0171875 0.0234375
1 0.6703125 0.7671875 0.01875 0.03125
1 0.51328125 0.58046875 0.028125 0.0390625
1 0.64609375 0.6578125 0.021875 0.03125
1 0.55703125 0.3640625 0.021875 0.0296875
1 0.73828125 0.58515625 0.021875 0.0328125
1 0.38984375 0.55546875 0.025 0.03125
1 0.68515625 0.60078125 0.0328125 0.0515625
1 0.54921875 0.83046875 0.0171875 0.0265625
1 0.5453125 0.73359375 0.021875 0.03125
1 0.50625 0.22421875 0.0328125 0.0421875