1 0.23515625 0.228125 0.0125 0.021875
1 0.421875 0.22578125 0.0171875 0.0265625
1 0.6265625 0.38125 0.0203125 0.03125
1 0.40078125 0.22421875 0.0203125 0.03125
1 0.5421875 0.36640625 0.01875 0.025
1 0.3671875 0.153125 0.025 0.040625
1 0.3484375 0.46796875 0.0265625 0.0375
1 0.453125 0.58125 0.0203125 0.03125
1 0.38515625 0.63046875 0.0234375 0.034375
1 0.453125 0.34453125 0.025 0.0375
1 0.30546875 0.2234375 0.0171875 0.0296875
1 0.57734375 0.4875 0.0203125 0.0265625
1 0.74140625 0.39375 0.0265625 0.0328125
1 0.503125 0.378125 0.0203125 0.0265625
1 0.671875 0.4078125 0.0265625 0.04375
1 0.23984375 0.27734375 0.0140625 0.0203125
1 0.4 0.3203125 0.0171875 0.028125
1 0.38984375 0.36015625 0.021875 0.034375
1 0.50703125 0.3 0.028125 0.0390625
1 0.55390625 0.39453125 0.025 0.0375
1 0.659375 0.61171875 0.0296875 0.046875
1 0.2890625 0.4375 0.0203125 0.03125
1 0.3453125 0.36484375 0.0203125 0.03125
1 0.71328125 0.609375 0.0203125 0.028125
1 0.28359375 0.30859375 0.0234375 0.0421875
1 0.38671875 0.1359375 0.0171875 0.025
1 0.5203125 0.27265625 0.028125 0.040625
1 0.6296875 0.5875 0.028125 0.040625
1 0.37890625 0.3078125 0.0171875 0.025
1 0.61171875 0.4015625 0.0171875 0.028125
1 0.44765625 0.24140625 0.0203125 0.03125
1 0.4078125 0.45546875 0.0296875 0.046875
1 0.33984375 0.159375 0.025 0.0390625
1 0.4953125 0.5171875 0.025 0.0375
1 0.871875 0.56875 0.0234375 0.0296875
1 0.37265625 0.56484375 0.0359375 0.059375
1 0.76640625 0.46953125 0.0171875 0.0234375
1 0.3390625 0.22734375 0.0171875 0.03125
1 0.48984375 0.41953125 0.0265625 0.0390625
1 0.359375 0.3375 0.0203125 0.03125
1 0.43828125 0.63359375 0.0203125 0.0296875
1 0.26484375 0.40625 0.0203125 0.0328125
1 0.61171875 0.4484375 0.0234375 0.03125
1 0.31875 0.39296875 0.03125 0.05
1 0.4625 0.16796875 0.0171875 0.0265625
1 0.46328125 0.26484375 0.0203125 0.03125
1 0.484375 0.775 0.03125 0.0421875