2 0.15546875 0.259375 0.13125 0.3453125
2 0.4015625 0.26171875 0.1890625 0.2734375
2 0.75390625 0.26796875 0.1953125 0.24140625
2 0.04609375 0.13515625 0.0921875 0.24140625
2 0.05 0.35703125 0.1 0.1734375
1 0.8359375 0.63515625 0.0578125 0.1046875
1 0.684375 0.646875 0.021875 0.053125
2 0.11875 0.1390625 0.08671875 0.16015625
2 0.0484375 0.95625 0.0953125 0.0765625
1 0.50703125 0.8578125 0.01640625 0.03671875
2 0.0234375 0.13828125 0.04453125 0.0953125
0 0.29765625 0.7328125 0.01484375 0.0296875
0 0.60859375 0.6515625 0.01484375 0.02734375
0 0.6375 0.8203125 0.015625 0.0328125
0 0.42734375 0.56953125 0.0140625 0.03203125
0 0.45859375 0.58046875 0.015625 0.03359375
0 0.25390625 0.9609375 0.0171875 0.028125
0 0.29453125 0.765625 0.01484375 0.028125
0 0.7640625 0.70859375 0.0140625 0.02890625
0 0.425 0.94609375 0.01640625 0.0296875
0 0.09453125 0.75703125 0.01484375 0.0296875
0 0.259375 0.91953125 0.0140625 0.0328125
0 0.39921875 0.7546875 0.0140625 0.028125
0 0.1078125 0.57578125 0.0140625 0.03671875
0 0.43125 0.76328125 0.01328125 0.03515625
0 0.29296875 0.78984375 0.01484375 0.0296875
0 0.1328125 0.5421875 0.01484375 0.03125
0 0.640625 0.53125 0.015625 0.02890625
0 0.3546875 0.33984375 0.01640625 0.0328125
0 0.11953125 0.55546875 0.01484375 0.0359375
0 0.41328125 0.83203125 0.0140625 0.03203125
0 0.4078125 0.78828125 0.0140625 0.03203125
0 0.325 0.4234375 0.015625 0.03125
0 0.80703125 0.5578125 0.01875 0.0265625
0 0.34296875 0.365625 0.01484375 0.03046875
0 0.6484375 0.4828125 0.015625 0.03203125
0 0.24609375 0.98671875 0.0171875 0.02421875
0 0.475 0.53359375 0.0171875 0.03671875
0 0.984375 0.959375 0.01640625 0.03125
0 0.6890625 0.4171875 0.015625 0.03046875
0 0.72265625 0.409375 0.025 0.03046875
0 0.271875 0.80703125 0.028125 0.059375
0 0.6734375 0.43828125 0.0171875 0.03203125
0 0.940625 0.9296875 0.015625 0.0265625
0 0.6625 0.45859375 0.01640625 0.03046875
0 0.7828125 0.1265625 0.0140625 0.034375
0 0.7078125 0.98828125 0.01796875 0.021875
0 0.44375 0.56796875 0.0171875 0.03359375
0 0.80546875 0.6421875 0.0140625 0.02734375
0 0.20234375 0.16015625 0.01953125 0.04765625
2 0.071875 0.06640625 0.05703125 0.08203125
0 0.19453125 0.20859375 0.0203125 0.03984375
0 0.22890625 0.6203125 0.0140625 0.02734375
0 0.19296875 0.74296875 0.01328125 0.02421875
0 0.34921875 0.125 0.015625 0.034375
0 0.4859375 0.2125 0.01640625 0.03125
0 0.19765625 0.81875 0.01328125 0.0296875
0 0.31328125 0.48046875 0.0140625 0.025
0 0.35546875 0.92578125 0.0203125 0.0328125
0 0.19609375 0.70234375 0.01484375 0.025
0 0.55 0.634375 0.0125 0.02109375
0 0.47421875 0.7140625 0.015625 0.028125
0 0.77734375 0.86015625 0.01328125 0.03046875
2 0.1390625 0.10234375 0.0359375 0.06875
0 0.0453125 0.89296875 0.0140625 0.028125
0 0.45859375 0.6828125 0.01484375 0.02109375
0 0.903125 0.2328125 0.0171875 0.03046875
0 0.11328125 0.69765625 0.0140625 0.0265625
0 0.61640625 0.62265625 0.0109375 0.02421875
0 0.02265625 0.85 0.01328125 0.02734375
0 0.00625 0.871875 0.0125 0.02578125
0 0.96171875 0.4375 0.015625 0.02421875
0 0.453125 0.75078125 0.01328125 0.02578125
0 0.83359375 0.77109375 0.0140625 0.02734375
0 0.80625 0.834375 0.0125 0.0296875
0 0.98671875 0.22890625 0.0171875 0.03203125
0 0.80390625 0.6625 0.01484375 0.02734375
0 0.7546875 0.93515625 0.01328125 0.03203125
0 0.4296875 0.82265625 0.0140625 0.02734375
0 0.6421875 0.59140625 0.01015625 0.02265625
0 0.41796875 0.90234375 0.01171875 0.03203125
0 0.253125 0.79921875 0.01328125 0.0234375
2 0.02265625 0.084375 0.04453125 0.04140625
0 0.96640625 0.23984375 0.0140625 0.02734375
0 0.3234375 0.11328125 0.01484375 0.03203125
0 0.41484375 0.109375 0.01484375 0.0265625
0 0.80546875 0.51484375 0.0140625 0.02890625
0 0.096875 0.64453125 0.01328125 0.025
0 0.7015625 0.4 0.015625 0.034375
0 0.42109375 0.8734375 0.0125 0.02734375
0 0.4515625 0.12578125 0.01328125 0.02578125
0 0.01015625 0.42890625 0.0140625 0.02421875
0 0.446875 0.0859375 0.01484375 0.0328125
0 0.26328125 0.10546875 0.0140625 0.02890625
0 0.2671875 0.22734375 0.0140625 0.02734375
0 0.25234375 0.828125 0.01171875 0.02265625
0 0.2953125 0.240625 0.0140625 0.025
2 0.83125 0.2140625 0.0265625 0.065625
0 0.26328125 0.89765625 0.0125 0.02734375
0 0.2796875 0.8734375 0.0125 0.0265625
0 0.87734375 0.11640625 0.015625 0.0328125
0 0.24921875 0.25 0.01484375 0.0234375
0 0.23828125 0.13828125 0.0140625 0.0328125
0 0.115625 0.6375 0.01328125 0.025
0 0.25 0.85703125 0.0125 0.02578125
0 0.68203125 0.4609375 0.08671875 0.1296875
0 0.26328125 0.85703125 0.0125 0.028125
0 0.25546875 0.18515625 0.01484375 0.02578125
0 0.26015625 0.871875 0.0140625 0.0296875
0 0.6234375 0.621875 0.05625 0.09453125
0 0.81171875 0.590625 0.01796875 0.034375