2 0 0.24500000000000002 0.036986301562500004 0.205 0.07671232812499999 0.13999999999999999 0.08356164375 0.10500000000000001 0.06986301406249999 0.08249999999999999 0.0643835609375 0.08249999999999999 0.024657534375 0.0975 0 0.095 0 0.24500000000000002
2 0.1452054796875 0.4175 0.158904109375 0.40499999999999997 0.165753425 0.3875 0.18219178125 0.39 0.193150684375 0.375 0.19589041093749998 0.3225 0.18219178125 0.2425 0.13150685 0.12 0.1301369859375 0.11750000000000001 0.1123287671875 0.1325 0.108219178125 0.16 0.108219178125 0.34249999999999997 0.1191780828125 0.3975 0.13150685 0.41500000000000004 0.1452054796875 0.4175
2 0 0.385 0.052054793749999995 0.40750000000000003 0.07671232812499999 0.40499999999999997 0.0876712328125 0.39 0.090410959375 0.3775 0.0863013703125 0.3525 0.093150684375 0.34249999999999997 0.093150684375 0.325 0.08493150625 0.3075 0.0534246578125 0.2875 0.0027397265625 0.27999999999999997 0 0.27999999999999997 0 0.385
2 0.3726027390625 0.2925 0.4301369859375 0.3 0.43835616406250005 0.325 0.442465753125 0.3025 0.44931506875 0.3175 0.45068493125 0.35750000000000004 0.4547945203125 0.3675 0.4547945203125 0.2975 0.458904109375 0.275 0.490410959375 0.22000000000000003 0.4780821921875 0.22000000000000003 0.46575342500000005 0.25 0.457534246875 0.255 0.45205479375 0.2375 0.43972602812500006 0.22999999999999998 0.4054794515625 0.185 0.360273971875 0.1575 0.34931506875 0.1575 0.3287671234375 0.1675 0.323287671875 0.185 0.31917808281250004 0.22999999999999998 0.33150685 0.265 0.34794520625 0.28250000000000003 0.3726027390625 0.2925
2 0.676712328125 0.355 0.706849315625 0.36 0.7369863015625 0.34750000000000003 0.8041095890625 0.2975 0.823287671875 0.2725 0.8219178078124999 0.24500000000000002 0.7808219171874999 0.215 0.724657534375 0.1925 0.717465753125 0.1925 0.6808219171875 0.2 0.6643835609375001 0.2325 0.66849315 0.275 0.6616438359375 0.29500000000000004 0.6616438359375 0.3225 0.676712328125 0.355
0 0.10136986249999999 0.5825 0.106849315625 0.5925 0.11506849374999999 0.5775 0.108219178125 0.5575 0.1054794515625 0.5575 0.10136986249999999 0.5825
0 0.1109589046875 0.5575 0.11780821875 0.5725 0.12739726093749998 0.5575 0.12191780781249999 0.54 0.1136986296875 0.54 0.1109589046875 0.5575
0 0.124657534375 0.5475 0.1369863015625 0.5549999999999999 0.13972602812499998 0.5375 0.13424657499999998 0.5275000000000001 0.12876712343750002 0.5275000000000001 0.124657534375 0.5475
0 0.126027396875 0.505 0.13150685 0.5125 0.13972602812499998 0.505 0.1369863015625 0.49000000000000005 0.1301369859375 0.49000000000000005 0.126027396875 0.505
0 0.124657534375 0.45999999999999996 0.1301369859375 0.475 0.13972602812499998 0.46749999999999997 0.13424657499999998 0.44749999999999995 0.12876712343750002 0.44749999999999995 0.124657534375 0.45999999999999996
0 0.126027396875 0.43 0.1369863015625 0.4375 0.13972602812499998 0.42000000000000004 0.13150685 0.4175 0.1301369859375 0.41500000000000004 0.126027396875 0.43
0 0.3219178078125 0.40750000000000003 0.31643835625 0.4225 0.3273972609375 0.43499999999999994 0.3328767125 0.43 0.3328767125 0.4175 0.326027396875 0.40750000000000003 0.3219178078125 0.40750000000000003
0 0.3465753421875 0.34500000000000003 0.35205479375 0.355 0.3616438359375 0.34249999999999997 0.357534246875 0.325 0.35068493125 0.325 0.3465753421875 0.34500000000000003
0 0.4205479453125 0.5775 0.43150685 0.5825 0.4328767125 0.5675 0.4287671234375 0.5549999999999999 0.423287671875 0.5549999999999999 0.4205479453125 0.5775
0 0.458904109375 0.5650000000000001 0.45068493125 0.5775 0.4547945203125 0.5974999999999999 0.46438356093750005 0.5875 0.46575342500000005 0.575 0.46027397187499997 0.5650000000000001 0.458904109375 0.5650000000000001
0 0.4863013703125 0.3525 0.4808219171875 0.3525 0.473972603125 0.36 0.4726027390625 0.3825 0.4808219171875 0.3975 0.4876712328125 0.39 0.490410959375 0.37 0.4863013703125 0.3525
0 0.4972602734375 0.3625 0.490410959375 0.375 0.49178082187500005 0.3875 0.4972602734375 0.39249999999999996 0.5041095890625 0.38 0.4986301375 0.365 0.4972602734375 0.3625
0 0.6013698625 0.65 0.6027397265625 0.665 0.61643835625 0.6575 0.61643835625 0.6375 0.609589040625 0.6375 0.6013698625 0.65
0 0.6945205484375 0.635 0.6890410953125 0.62 0.6863013703124999 0.62 0.676712328125 0.63 0.6712328765625 0.65 0.676712328125 0.6725 0.6876712328125001 0.67 0.6945205484375 0.6525000000000001 0.6945205484375 0.635
0 0.7643835609375 0.6925 0.7616438359375 0.6925 0.7561643828125 0.7025 0.7575342468749999 0.7224999999999999 0.7671232875 0.7224999999999999 0.7712328765625001 0.7150000000000001 0.7698630140625 0.7 0.7643835609375 0.6925
0 0.6287671234375 0.8175000000000001 0.6328767125 0.835 0.6438356171875 0.8275 0.6383561640625001 0.805 0.6356164390625 0.805 0.6287671234375 0.8175000000000001
0 0.4972602734375 0.8574999999999999 0.5054794515625 0.875 0.5123287671875 0.865 0.508219178125 0.8400000000000001 0.5027397265625 0.8400000000000001 0.4972602734375 0.8574999999999999
0 0.423287671875 0.76 0.426027396875 0.78 0.43698630156249996 0.77 0.43150685 0.7474999999999999 0.42739726093749997 0.7474999999999999 0.423287671875 0.76
0 0.091780821875 0.7424999999999999 0.0876712328125 0.75 0.0890410953125 0.7675 0.1 0.7625 0.1 0.7474999999999999 0.0958904109375 0.7424999999999999 0.091780821875 0.7424999999999999
0 0.290410959375 0.735 0.3013698625 0.7474999999999999 0.3054794515625 0.73 0.2958904109375 0.7175 0.291780821875 0.7175 0.290410959375 0.735
0 0.2863013703125 0.76 0.290410959375 0.7775000000000001 0.3013698625 0.7625 0.29452054843750003 0.7525000000000001 0.29315068437499997 0.7525000000000001 0.2863013703125 0.76
0 0.2986301375 0.7925 0.2972602734375 0.775 0.3013698625 0.765 0.2958904109375 0.755 0.29452054843750003 0.7525000000000001 0.2863013703125 0.7625 0.290410959375 0.7675 0.2863013703125 0.7725 0.2863013703125 0.795 0.290410959375 0.8025 0.2986301375 0.7925
0 0.25205479375 0.9275 0.25753424687500004 0.9349999999999999 0.265753425 0.915 0.2616438359375 0.905 0.2547945203125 0.905 0.25205479375 0.9275
0 0.2452054796875 0.9574999999999999 0.24931506875 0.975 0.2630136984375 0.9625 0.2561643828125 0.9475 0.2547945203125 0.9475 0.2452054796875 0.9574999999999999
0 0.2369863015625 0.985 0.239726028125 0.9974999999999999 0.2547945203125 0.9974999999999999 0.24383561718750002 0.975 0.24109589062499998 0.975 0.2369863015625 0.985
0 0.426027396875 0.9324999999999999 0.41780821875 0.9400000000000001 0.41780821875 0.9550000000000001 0.43150685 0.9550000000000001 0.4328767125 0.945 0.42739726093749997 0.9349999999999999 0.426027396875 0.9324999999999999
0 0.40958904062499996 0.845 0.4191780828125 0.8425 0.4205479453125 0.825 0.41643835625000003 0.8175000000000001 0.40958904062499996 0.8175000000000001 0.40958904062499996 0.845
0 0.41095890468749996 0.75 0.4013698625 0.7424999999999999 0.3945205484375 0.7424999999999999 0.39178082187499996 0.76 0.39726027343750003 0.7725 0.39726027343750003 0.7975 0.41095890468749996 0.8125 0.41506849375000004 0.7625 0.41095890468749996 0.75
0 0.7164383562500001 0.9974999999999999 0.7136986296875001 0.9775 0.7054794515625 0.9775 0.6972602734375 0.9974999999999999 0.7164383562500001 0.9974999999999999
0 0.9315068500000001 0.9324999999999999 0.9383561640625 0.9425000000000001 0.9465753421875001 0.9375 0.942465753125 0.9175000000000001 0.9369863015625001 0.9175000000000001 0.9315068500000001 0.9324999999999999
0 0.975342465625 0.9550000000000001 0.9808219171875001 0.975 0.993150684375 0.9574999999999999 0.9863013703125001 0.9425000000000001 0.9835616437500001 0.9425000000000001 0.975342465625 0.9550000000000001
0 0.639726028125 0.5175 0.6328767125 0.5275000000000001 0.6356164390625 0.545 0.642465753125 0.545 0.64794520625 0.5325 0.642465753125 0.5175 0.639726028125 0.5175
0 0.6452054796875 0.47000000000000003 0.641095890625 0.47750000000000004 0.642465753125 0.495 0.6534246578125 0.4925 0.6561643828125 0.47750000000000004 0.65205479375 0.47000000000000003 0.6452054796875 0.47000000000000003
0 0.6534246578125 0.4625 0.657534246875 0.48 0.66849315 0.4625 0.6630136984375 0.445 0.657534246875 0.445 0.6534246578125 0.4625
0 0.7972602734375 0.5599999999999999 0.8109589046875 0.5700000000000001 0.8164383562499999 0.5599999999999999 0.8095890406249999 0.545 0.8013698625 0.545 0.7972602734375 0.5599999999999999
0 0.7465753421875 0.4 0.7424657531250001 0.40750000000000003 0.7452054796875001 0.43 0.7561643828125 0.42000000000000004 0.7534246578125 0.4025 0.74931506875 0.4 0.7465753421875 0.4
0 0.7630136984375 0.3975 0.758904109375 0.4025 0.7616438359375 0.41500000000000004 0.7712328765625001 0.43 0.776712328125 0.4125 0.7671232875 0.3975 0.7630136984375 0.3975
0 0.7287671234374999 0.395 0.724657534375 0.395 0.7109589046875 0.4025 0.7164383562500001 0.4 0.7205479453125 0.4175 0.7301369859375 0.42000000000000004 0.734246575 0.4025 0.7287671234374999 0.395
0 0.8397260281250001 0.4325 0.85068493125 0.42000000000000004 0.8643835609374999 0.355 0.8643835609374999 0.305 0.857534246875 0.28250000000000003 0.84794520625 0.28250000000000003 0.8438356171875 0.2925 0.8438356171875 0.355 0.8369863015625001 0.3775 0.8383561640625 0.4 0.8342465750000001 0.4125 0.8397260281250001 0.4325
0 0.209589040625 0.1375 0.20547945156249997 0.135 0.2027397265625 0.135 0.191780821875 0.16499999999999998 0.193150684375 0.18 0.2 0.1825 0.20547945156249997 0.17250000000000001 0.2109589046875 0.1525 0.209589040625 0.1375
0 0.18356164375 0.2125 0.1890410953125 0.22749999999999998 0.2013698625 0.20750000000000002 0.2 0.1875 0.191780821875 0.1875 0.18356164375 0.2125
0 0.775342465625 0.12 0.7808219171874999 0.1375 0.7876712328125001 0.1325 0.7863013703124999 0.11000000000000001 0.78219178125 0.11000000000000001 0.775342465625 0.12
0 0.6808219171875 0.41 0.68356164375 0.43 0.6958904109375 0.425 0.693150684375 0.40499999999999997 0.68493150625 0.40499999999999997 0.6808219171875 0.41
0 0.6643835609375001 0.43499999999999994 0.6671232875 0.4525 0.6808219171875 0.44000000000000006 0.676712328125 0.4225 0.6726027390625 0.4225 0.6643835609375001 0.43499999999999994
1 0.8616438359374999 0.6625 0.8643835609374999 0.6425 0.858904109375 0.6 0.841095890625 0.5825 0.8301369859375001 0.5825 0.8109589046875 0.605 0.806849315625 0.635 0.8109589046875 0.665 0.8328767125000001 0.6875 0.85068493125 0.6799999999999999 0.8616438359374999 0.6625