2 0.67734375 0.11875 0.3625 0.1890625
2 0.7171875 0.36171875 0.3015625 0.234375
2 0.77265625 0.709375 0.2703125 0.234375
2 0.7796875 0.028125 0.253125 0.05625
2 0.5625 0.04765625 0.1875 0.0953125
1 0.425 0.8546875 0.1125 0.075
1 0.3875 0.70703125 0.05625 0.03125
2 0.7890625 0.06171875 0.171875 0.1140625
2 0.009375 0.13359375 0.01875 0.1078125
1 0.14921875 0.56875 0.0390625 0.021875
0 0.2359375 0.34140625 0.03125 0.0203125
0 0.36953125 0.63359375 0.0296875 0.0203125
0 0.20859375 0.69140625 0.034375 0.0203125
0 0.41875 0.440625 0.0328125 0.01875
0 0.41328125 0.4734375 0.0359375 0.021875
0 0.009375 0.3375 0.01875 0.021875
0 0.20234375 0.34375 0.0296875 0.0203125
0 0.340625 0.79609375 0.0296875 0.01875
0 0.04765625 0.50390625 0.03125 0.0203125
0 0.1765625 0.1453125 0.03125 0.0203125
0 0.0453125 0.3359375 0.034375 0.0203125
0 0.23203125 0.4453125 0.0296875 0.01875
0 0.35703125 0.1265625 0.0390625 0.0203125
0 0.22890625 0.478125 0.0359375 0.01875
0 0.17890625 0.34609375 0.03125 0.0203125
0 0.39453125 0.14609375 0.0328125 0.0203125
0 0.49375 0.64375 0.0296875 0.0203125
0 0.6328125 0.32890625 0.034375 0.0203125
0 0.3796875 0.13515625 0.0375 0.021875
0 0.1578125 0.471875 0.0328125 0.01875
0 0.2 0.459375 0.0328125 0.01875
0 0.5453125 0.3140625 0.0328125 0.0203125
0 0.49609375 0.8125 0.0296875 0.0234375
0 0.6046875 0.321875 0.0328125 0.0203125
0 0.54296875 0.64296875 0.0328125 0.0203125
0 0.4625 0.48125 0.040625 0.0234375
0 0.6140625 0.671875 0.0328125 0.0203125
0 0.628125 0.70390625 0.034375 0.0296875
0 0.1578125 0.32890625 0.0640625 0.0375
0 0.590625 0.66015625 0.034375 0.021875
0 0.56875 0.653125 0.0328125 0.0203125
0 0.9171875 0.71328125 0.0359375 0.0203125
0 0.05546875 0.7890625 0.025 0.021875
0 0.4234375 0.45625 0.0375 0.0234375
0 0.41328125 0.82578125 0.0296875 0.01875
0 0.7828125 0.14765625 0.05 0.0265625
2 0.85234375 0.01875 0.0890625 0.0375
0 0.73359375 0.1484375 0.04375 0.0265625
0 0.334375 0.25390625 0.0296875 0.01875
0 0.20703125 0.23984375 0.0265625 0.0171875
0 0.84296875 0.28671875 0.0359375 0.021875
0 0.78046875 0.4359375 0.0328125 0.0203125
0 0.13359375 0.2578125 0.03125 0.0171875
0 0.48671875 0.3125 0.0265625 0.01875
0 0.05546875 0.43125 0.0359375 0.025
0 0.24765625 0.2359375 0.0265625 0.0203125
0 0.3765625 0.57265625 0.0234375 0.015625
0 0.284375 0.51171875 0.0296875 0.0203125
0 0.19375 0.8359375 0.0328125 0.01875
2 0.82890625 0.07578125 0.0734375 0.046875
0 0.034375 0.1203125 0.0296875 0.01875
0 0.3125 0.490625 0.025 0.01875
0 0.8328125 0.85078125 0.034375 0.021875
0 0.23828125 0.153125 0.028125 0.01875
0 0.39921875 0.6359375 0.0265625 0.015625
0 0.07265625 0.090625 0.0296875 0.0171875
0 0.04765625 0.078125 0.0265625 0.0171875
0 0.64140625 0.94375 0.0265625 0.0203125
0 0.24453125 0.49765625 0.0265625 0.0171875
0 0.290625 0.87578125 0.0296875 0.01875
0 0.22421875 0.859375 0.03125 0.0171875
0 0.8515625 0.93203125 0.034375 0.021875
0 0.39296875 0.82734375 0.0296875 0.0203125
0 0.115625 0.8265625 0.0328125 0.0171875
0 0.1703125 0.48671875 0.0296875 0.01875
0 0.434375 0.65625 0.0234375 0.0125
0 0.08984375 0.4890625 0.0328125 0.0171875
0 0.1625 0.30859375 0.025 0.015625
0 0.8375 0.9140625 0.0296875 0.01875
0 0.85 0.25859375 0.0328125 0.0203125
0 0.86953125 0.3484375 0.028125 0.0203125
0 0.53828125 0.803125 0.0296875 0.01875
0 0.2875 0.128125 0.0265625 0.0171875
0 0.63359375 0.68125 0.0359375 0.021875
0 0.11875 0.4875 0.0296875 0.0171875
0 0.86015625 0.3875 0.0265625 0.0171875
0 0.48515625 0.00703125 0.0265625 0.0140625
0 0.8984375 0.37578125 0.034375 0.0203125
0 0.84765625 0.1984375 0.0296875 0.01875
0 0.728125 0.2234375 0.0296875 0.01875
0 0.13359375 0.31328125 0.0234375 0.015625
0 0.71953125 0.253125 0.0265625 0.01875
2 0.8390625 0.7765625 0.06875 0.0375
0 0.0671875 0.3359375 0.0296875 0.0171875
0 0.09375 0.34765625 0.028125 0.0171875
0 0.94296875 0.8046875 0.034375 0.0203125
0 0.70234375 0.209375 0.0265625 0.01875
0 0.8109375 0.1796875 0.034375 0.0203125
0 0.29765625 0.1453125 0.0265625 0.0171875
0 0.1046875 0.315625 0.0265625 0.0171875
0 0.5703125 0.67265625 0.1421875 0.109375
0 0.10703125 0.32890625 0.0296875 0.0171875
0 0.76796875 0.2046875 0.0265625 0.0203125
0 0.0921875 0.328125 0.03125 0.01875
0 0.4015625 0.64296875 0.1015625 0.071875
0 0.46484375 0.82265625 0.0375 0.025