2 0.878125 0.68359375 0.184375 0.3609375
2 0.634375 0.7203125 0.2296875 0.3
2 0.28515625 0.76875 0.23125 0.26875
2 0.9703125 0.78828125 0.059375 0.2515625
2 0.9515625 0.5703125 0.096875 0.1875
1 0.146875 0.41875 0.0734375 0.1125
1 0.29453125 0.38359375 0.0296875 0.05625
2 0.9328125 0.796875 0.1109375 0.171875
2 0.875 0.01171875 0.10625 0.0234375
1 0.43671875 0.14765625 0.021875 0.0390625
0 0.66328125 0.23828125 0.0203125 0.03125
0 0.36875 0.3671875 0.0203125 0.0296875
0 0.3140625 0.20546875 0.0203125 0.034375
0 0.5609375 0.4203125 0.01875 0.0328125
0 0.528125 0.4140625 0.0203125 0.0359375
0 0.6703125 0.01015625 0.021875 0.0203125
0 0.66171875 0.20546875 0.0203125 0.0296875
0 0.20625 0.33515625 0.01875 0.0296875
0 0.50390625 0.04765625 0.0203125 0.03125
0 0.86015625 0.1828125 0.0203125 0.03125
0 0.671875 0.04765625 0.01875 0.034375
0 0.559375 0.2328125 0.01875 0.0296875
0 0.87578125 0.3640625 0.0203125 0.0390625
0 0.5265625 0.22890625 0.0171875 0.0359375
0 0.659375 0.18125 0.0203125 0.03125
0 0.85625 0.40078125 0.0203125 0.0328125
0 0.35625 0.49140625 0.0203125 0.0296875
0 0.66875 0.63515625 0.0203125 0.034375
0 0.8671875 0.3859375 0.0203125 0.0375
0 0.53359375 0.15859375 0.01875 0.0328125
0 0.54609375 0.20078125 0.01875 0.0328125
0 0.68515625 0.5484375 0.0203125 0.0328125
0 0.1875 0.490625 0.0234375 0.0296875
0 0.67578125 0.6078125 0.0203125 0.0328125
0 0.35625 0.53984375 0.0203125 0.0328125
0 0.51953125 0.46328125 0.0234375 0.0390625
0 0.3265625 0.61171875 0.0203125 0.0328125
0 0.29453125 0.62421875 0.0296875 0.034375
0 0.67734375 0.1609375 0.0375 0.0625
0 0.33828125 0.58828125 0.021875 0.0328125
0 0.00390625 0.14375 0.0078125 0.028125
0 0.34609375 0.56640625 0.0203125 0.0328125
0 0.27890625 0.91328125 0.01875 0.0359375
0 0.21875 0.05 0.021875 0.025
0 0.5453125 0.42421875 0.021875 0.0359375
0 0.17578125 0.40703125 0.01875 0.0296875
0 0.846875 0.7890625 0.0265625 0.05
2 0.978125 0.86015625 0.04375 0.0890625
0 0.84765625 0.73984375 0.0265625 0.04375
0 0.74921875 0.3390625 0.01875 0.0296875
0 0.765625 0.21171875 0.015625 0.0265625
0 0.7078125 0.846875 0.0203125 0.0359375
0 0.55859375 0.78203125 0.0203125 0.0328125
0 0.7484375 0.1375 0.0171875 0.03125
0 0.6875 0.48984375 0.0171875 0.0265625
0 0.57578125 0.05703125 0.025 0.0359375
0 0.76875 0.25234375 0.01875 0.0265625
0 0.4296875 0.375 0.015625 0.0234375
0 0.4921875 0.284375 0.0203125 0.0296875
0 0.16953125 0.1875 0.0171875 0.0328125
2 0.91875 0.8359375 0.046875 0.0734375
0 0.8875 0.040625 0.01875 0.0296875
0 0.5125 0.31328125 0.01875 0.0234375
0 0.14375 0.82734375 0.021875 0.0328125
0 0.85078125 0.24453125 0.01875 0.028125
0 0.365625 0.396875 0.0140625 0.0265625
0 0.91640625 0.0796875 0.0171875 0.0296875
0 0.9296875 0.05546875 0.015625 0.0265625
0 0.05390625 0.63359375 0.01875 0.0265625
0 0.50703125 0.2453125 0.015625 0.0265625
0 0.128125 0.284375 0.01875 0.0296875
0 0.1453125 0.21796875 0.0171875 0.03125
0 0.06171875 0.84375 0.021875 0.0328125
0 0.17421875 0.38671875 0.0203125 0.0296875
0 0.18046875 0.11015625 0.0171875 0.0328125
0 0.51875 0.1703125 0.01875 0.0296875
0 0.3453125 0.43203125 0.0125 0.0234375
0 0.51796875 0.08984375 0.0171875 0.0328125
0 0.696875 0.165625 0.015625 0.025
0 0.0796875 0.8296875 0.01875 0.0296875
0 0.73515625 0.8546875 0.0203125 0.0328125
0 0.6453125 0.87265625 0.0203125 0.028125
0 0.19609375 0.5328125 0.01875 0.0296875
0 0.87578125 0.29453125 0.015625 0.0265625
0 0.31640625 0.63046875 0.0203125 0.0359375
0 0.51953125 0.11875 0.0171875 0.0296875
0 0.60625 0.86171875 0.015625 0.0265625
0 0.99296875 0.49296875 0.0140625 0.0265625
0 0.6171875 0.90078125 0.0203125 0.034375
0 0.7953125 0.85234375 0.01875 0.0296875
0 0.77265625 0.7328125 0.01875 0.0296875
0 0.69296875 0.1375 0.015625 0.0234375
0 0.74296875 0.72421875 0.0171875 0.0265625
2 0.2171875 0.834375 0.0359375 0.06875
0 0.671875 0.0703125 0.0171875 0.0296875
0 0.659375 0.096875 0.0171875 0.028125
0 0.1875 0.93828125 0.0203125 0.034375
0 0.78671875 0.7078125 0.01875 0.025
0 0.81484375 0.81640625 0.01875 0.034375
0 0.8578125 0.30390625 0.015625 0.0265625
0 0.69140625 0.10859375 0.015625 0.0265625
0 0.3265625 0.5671875 0.10625 0.1421875
0 0.678125 0.11015625 0.0171875 0.0296875
0 0.790625 0.77265625 0.01875 0.0265625
0 0.67890625 0.0953125 0.01875 0.03125
0 0.359375 0.39921875 0.0703125 0.1015625
0 0.178125 0.459375 0.0234375 0.0375