2 1 0.15294433125 0.9894818187500001 0.147189171875 0.9840556921875001 0.1464265796875 0.96735898125 0.1668011296875 0.96927058125 0.202413753125 0.9995637453124999 0.272309971875 1 0.27293863749999997 1 0.15294433125
2 0.917792778125 0.17498246875 0.8505524046874999 0.289236328125 0.825853240625 0.3665512921875 0.8212597171875 0.4189216625 0.830024371875 0.4353008671875 0.846650684375 0.435112975 0.8509978140625 0.45339590625000004 0.8628234656249999 0.4676807375 0.8767367140625 0.4671115484375 0.8913810265625 0.451497690625 0.9098878015625 0.39855813125 0.9352868921875 0.2178342078125 0.9350445578125001 0.1900298921875 0.9194972437500001 0.172697446875 0.917792778125 0.17498246875
2 1 0.3515140203125 0.9718035859375 0.3517193109375 0.937819896875 0.367139765625 0.927245178125 0.38332556875 0.92480965 0.400655259375 0.930200575 0.41151118125 0.9226516531250001 0.4356959390625 0.9236250531250001 0.4484555859375 0.932389709375 0.464834790625 0.9564593468749999 0.47074212656250003 1 0.4587688328125 1 0.3515140203125
2 0.6860330109375 0.180279290625 0.6374402078125 0.20122027656250002 0.5972641265624999 0.2410161375 0.5840115453125 0.246727315625 0.5761498890625 0.2632944140625 0.568706565625 0.257199184375 0.5606729734375 0.22577530937499998 0.5484641890625 0.2240594765625 0.5720098953125 0.2829091265625 0.5729480953125 0.305762103125 0.5632059796875 0.3750808671875 0.5686673046874999 0.36575013125 0.575590759375 0.32633005625 0.584461015625 0.31242927656249997 0.5853992156250001 0.3352822515625 0.5970177328124999 0.3116694390625 0.6550358578125001 0.312249646875 0.68084515625 0.3057786328125 0.699559065625 0.29073671874999996 0.7166389078125001 0.25779316875 0.718832103125 0.2126591609375 0.71584150625 0.194566878125 0.6968852625 0.18180447500000002 0.6860330109375 0.180279290625
2 0.3203245453125 0.1642262828125 0.26157535625 0.17869074375 0.216704215625 0.2026793421875 0.21152042187500003 0.2297210671875 0.22703253750000002 0.2571468421875 0.28654393125 0.31600200156249997 0.3146479625 0.332574609375 0.34518752343750003 0.331817528125 0.364632496875 0.30173094375 0.36845975625 0.27449857187500004 0.3644605609375 0.2537399703125 0.3744450125 0.212225521875 0.362689759375 0.1777540328125 0.32744633749999996 0.16522718593750002 0.3203245453125 0.1642262828125
0 0.8799655843749999 0.611465765625 0.8703994640625 0.6303178859375 0.8764510578125 0.646315796875 0.883268915625 0.6371757078125 0.8826786484375001 0.6118470625 0.8799655843749999 0.611465765625
0 0.8688357984374999 0.5922295937500001 0.8609741421875 0.6087966921875 0.8683822671874999 0.62498525 0.8772525203124999 0.6110844703125 0.8769749875 0.5933734828125 0.8688357984374999 0.5922295937500001
0 0.8583666781250001 0.5781354109375 0.8515488187500001 0.5872754984374999 0.851826353125 0.6049864859375 0.8650789359375001 0.5992753078125 0.8637928031250001 0.5788980031250001 0.8583666781250001 0.5781354109375
0 0.8608726046875 0.5406190609375 0.8560719453125 0.5550917859375 0.8631673359375001 0.5636626859375 0.8696372625000001 0.5569982671875 0.8676552640624999 0.5415723015625 0.8608726046875 0.5406190609375
0 0.869500525 0.4989139640625 0.8612909359375 0.517956734375 0.8697428609375001 0.52671828125 0.8772565828125 0.5126268515625 0.8749266515624999 0.49967655625 0.869500525 0.4989139640625
0 0.87638878125 0.46958721875 0.8679016578125 0.47091900000000003 0.8681791921875 0.4886299875 0.88007524375 0.48272816250000006 0.878093246875 0.46730219687499996 0.87638878125 0.46958721875
0 0.685153025 0.43261251093749997 0.6769786359375 0.44156195 0.675238971875 0.4539403015625 0.6799692328125 0.459654234375 0.69256115 0.4488010671875 0.6892226203125 0.4331844546875 0.685153025 0.43261251093749997
0 0.665434578125 0.3465304890625 0.6589294546875 0.3632882359375 0.6666855140625 0.37700112343750003 0.6735033703125 0.367861034375 0.6722172375000001 0.3474837296875 0.665434578125 0.3465304890625
0 0.5628851218750001 0.56437844375 0.5570758640625 0.57618485 0.5563447984375001 0.5912295203125 0.5678929171875 0.5878033640625 0.5683112484375 0.5651410359375 0.5628851218750001 0.56437844375
0 0.5302931656250001 0.5698962187500001 0.5234753078125001 0.5790363078125 0.5230921765625001 0.59160530625 0.531196165625 0.6028425234375 0.5380492218749999 0.5836091062500001 0.531649696875 0.5700868671875 0.5302931656250001 0.5698962187500001
0 0.5340933484375 0.355841940625 0.5275882234375 0.3725996875 0.527517825 0.3927863453125 0.5332566859375001 0.401166596875 0.543483471875 0.3874564640625 0.5452583343749999 0.364984784375 0.539519475 0.3566045328125 0.5340933484375 0.355841940625
0 0.5201449 0.366504459375 0.5126311765625 0.3805958875 0.517674171875 0.393927478125 0.5237961640625 0.38973873124999997 0.5268923578125 0.37755102812499997 0.521849365625 0.36421943749999997 0.5201449 0.366504459375
0 0.3655585125 0.619956771875 0.36277505 0.639762134375 0.37529656718750004 0.649095625 0.378740696875 0.6344322515624999 0.3723411703125 0.6209100125 0.3655585125 0.619956771875
0 0.2960978671875 0.5925227328125 0.28858414374999997 0.6066141609375 0.2861486140625 0.623943853125 0.29049574375 0.642226784375 0.3010000640625 0.6462276390625 0.309557584375 0.6247092000000001 0.3069149203125 0.604141246875 0.2988109296875 0.592904028125 0.2960978671875 0.5925227328125
0 0.21139857968750003 0.6538315234375001 0.2049286546875 0.6604959406249999 0.2014845265625 0.6751593140625001 0.2045103234375 0.68315826875 0.21400604374999999 0.68449280625 0.2181460390625 0.6648780921874999 0.2141116421875 0.65421281875 0.21139857968750003 0.6538315234375001
0 0.3205425125 0.7827763046875 0.31198499062499996 0.8042947437500001 0.3217934453125 0.8132469390624999 0.3282985703125 0.7964891921875 0.323255575 0.7831576 0.3205425125 0.7827763046875
0 0.44454195625 0.8355472546874999 0.43699303437500003 0.8597320125 0.44238396093750004 0.8705879328125 0.4529586796875 0.85440213125 0.44996808125000004 0.836309846875 0.44454195625 0.8355472546874999
0 0.5333812375 0.7546237515625001 0.524823715625 0.776142190625 0.5342842390625 0.78757005625 0.5397807625000001 0.768145990625 0.5374508312499999 0.7551956953125 0.5333812375 0.7546237515625001
0 0.8664273453125 0.796381190625 0.861661884375 0.8007605874999999 0.8595742890625001 0.8156146078125 0.8697306765624999 0.8220911328125 0.8735227374999999 0.8049520906250001 0.8704969406249999 0.7969531359375 0.8664273453125 0.796381190625
0 0.671853059375 0.74378986875 0.660617675 0.754833684375 0.662251740625 0.77273531875 0.67484365625 0.761882153125 0.6759226546875 0.7443618140625 0.671853059375 0.74378986875
0 0.66833853125 0.7786399 0.66016414375 0.7875893406250001 0.6689287984375001 0.8039685453125 0.6754339234375 0.7872107984375 0.6696950640625 0.7788305484375 0.66833853125 0.7786399
0 0.6666340671875 0.780924921875 0.6598162109375 0.7900650109375 0.662494075 0.8005396359375 0.6587020124999999 0.817678678125 0.6654494718749999 0.8287252468749999 0.6705628640625 0.8218701812500001 0.673694259375 0.79958915 0.6703205296875 0.794065865625 0.675085990625 0.78968646875 0.66833853125 0.7786399 0.6666340671875 0.780924921875
0 0.6796713921875 0.9342313343749999 0.6742100671875 0.9435620703125001 0.6795657937499999 0.9645113203125 0.6860357203125 0.957846903125 0.6864540515625001 0.9351845750000001 0.6796713921875 0.9342313343749999
0 0.6841822203125 1 0.6886431843749999 0.9885081843749999 0.6805391937499999 0.9772709671875001 0.6791826624999999 0.9770803203125 0.6703124078125 0.9909811 0.677778675 1 0.6841822203125 1
0 0.511355875 0.9408709578125001 0.50453801875 0.950011046875 0.50450281875 0.960104375 0.5180681359375 0.96201085625 0.5201557328125 0.9471568359375 0.5130603406249999 0.9385859359375001 0.511355875 0.9408709578125001
0 0.5385609687499999 0.8260396453125001 0.5334475750000001 0.8328947109374999 0.5323685765625 0.85041505 0.5415163656249999 0.8542252578125 0.5453436265625 0.8269928859375 0.5385609687499999 0.8260396453125001
0 0.5639207984375 0.75386666875 0.553381278125 0.7599591421875 0.5475720203125001 0.7717655484375 0.544682959375 0.8218508968749999 0.5603358734375 0.8089033562499999 0.5638152 0.7841466546875 0.5709809906250001 0.772530896875 0.57070345625 0.754819909375 0.5639207984375 0.75386666875
0 0.22192591562500003 0.9431119015625 0.21642938906250003 0.9625359671875 0.23542083281249998 0.965205040625 0.23006510468750002 0.944255790625 0.22192591562500003 0.9431119015625
0 0 0.8736439078125 0.004325790625 0.877186234375 0.012500178125 0.8682367937500001 0.00916165 0.8526201796875 0.0037355234375 0.8518575875 0 0.86234150625 0 0.8736439078125
0 0.356485184375 0.49750229062500007 0.3489714609375 0.51159371875 0.35265792500000004 0.5247346625 0.35944058125 0.5256879031249999 0.364589175 0.5087395078125 0.359198246875 0.4978835859375 0.356485184375 0.49750229062500007
0 0.3536001859375 0.44913002031250004 0.34848679374999997 0.45598508750000005 0.349112259375 0.4712204046875 0.3596165796875 0.47522125937500004 0.3634086390625 0.458082215625 0.36038284374999996 0.4500832609375 0.3536001859375 0.44913002031250004
0 0.3462272609375 0.422848134375 0.3383656046875 0.4394152328125 0.346782328125 0.458270109375 0.3532874515625 0.4415123625 0.3516533859375 0.4236107265625 0.3462272609375 0.422848134375
0 0.18716106875 0.501475596875 0.1782908140625 0.5153763765625 0.18232520937500002 0.52604165 0.1972822578125 0.51804545 0.195300259375 0.502619484375 0.18716106875 0.501475596875
0 0.2670285578125 0.3662752421875 0.26261103124999996 0.3681789671875 0.2574624390625 0.3851273625 0.2669229609375 0.396555228125 0.27276741875 0.3746554921875 0.269741621875 0.3666565375 0.2670285578125 0.3662752421875
0 0.24974158124999998 0.361321146875 0.2381582640625 0.37484063125 0.24114886093750001 0.3929329140625 0.252732178125 0.37941342968749997 0.2571849046875 0.367416375 0.253811175 0.361893090625 0.24974158124999998 0.361321146875
0 0.2880723984375 0.3641836234375 0.2816024734375 0.370848040625 0.2832365390625 0.3887496765625 0.29308019218750003 0.3876085421875 0.2995853171875 0.3708507953125 0.3046635109375 0.3740890578125 0.29214199218750003 0.3647555671875 0.2880723984375 0.3641836234375
0 0.17621540156249998 0.2348575453125 0.16630135 0.25618533593750004 0.15934269375000001 0.305698740625 0.1638617578125 0.37197264531249996 0.172974346875 0.38587618125 0.18118393593749998 0.3668334109375 0.17885400468749998 0.3538831171875 0.18334193125 0.3317927328125 0.1796906671875 0.3085584609375 0.1883889859375 0.24666670625 0.185711121875 0.23619208125000002 0.17621540156249998 0.2348575453125
0 0.8424524765625 0.17954149218749998 0.8380349484374999 0.18144521875 0.8345908203124999 0.1961085921875 0.8372334859375 0.2166765453125 0.8412678796874999 0.22734181874999998 0.848398471875 0.2258193890625 0.8518425984375 0.211156015625 0.8451655390624999 0.1799227890625 0.8424524765625 0.17954149218749998
0 0.8405720140625 0.232293159375 0.8364320218750001 0.25190787187499997 0.84585734375 0.27342906562499997 0.8533710671874999 0.2593376375 0.8487112046874999 0.233437046875 0.8405720140625 0.232293159375
0 0.2707624046875 0.073950003125 0.266274478125 0.0960403875 0.27236127187500003 0.10194496875 0.2802229265625 0.08537786875 0.2748319984375 0.0745219484375 0.2707624046875 0.073950003125
0 0.3219504890625 0.379043153125 0.31645396406250004 0.39846721875 0.3279668828125 0.40513439218749997 0.3334634078125 0.38571032656250004 0.3300896796875 0.3801870421875 0.3219504890625 0.379043153125
0 0.3357933390625 0.398660621875 0.329288215625 0.41541836875 0.3411138671875 0.42970319999999995 0.346262459375 0.41275480625 0.33986293437500004 0.399232565625 0.3357933390625 0.398660621875
1 0.15074185 0.5342257421875 0.1306714109375 0.549077009375 0.11933042812500001 0.590400809375 0.119260028125 0.6105874671875 0.1276767515625 0.62944234375 0.1442678640625 0.639347778125 0.1691037640625 0.620117115625 0.1773485515625 0.59098101875 0.17745415 0.5607010328124999 0.161594103125 0.5357509281249999 0.15074185 0.5342257421875