2 0.2027573875 0.9413068421874999 0.2211321375 0.9556072328124999 0.24888562812499998 0.9539094453124999 0.42739756562500003 0.9159655624999999 0.4789172 0.8938109921875 0.49347148750000003 0.878113184375 0.4930687515625 0.8641941234375 0.47799380156250004 0.8533937375 0.459452165625 0.8503325500000001 0.4584798078125 0.8337336328125 0.44152910937499995 0.8261328828125001 0.3896067390625 0.834368390625 0.3142030375 0.8644006078125 0.2049179453125 0.9394471328125 0.2027573875 0.9413068421874999
2 0.49408112187500003 1 0.5026543921875 0.9573883593750001 0.4950824328125 0.9337894312499999 0.47813173437499995 0.9261886796875001 0.46533526875 0.92610771875 0.44173601093750003 0.9353252968750001 0.43053048125000004 0.9307047734375 0.41341289843749995 0.9343432281249999 0.3980041796875 0.9460212515625 0.38499186875 0.980997834375 0.386181675 1 0.49408112187500003 1
2 0.28846110625 0.5869779765625001 0.22811234531250002 0.5675947703124999 0.23067564062499998 0.579654125 0.2625833625 0.585476128125 0.2691829640625 0.5924761390625 0.2532046234375 0.6014743078125 0.24843181093750002 0.615092996875 0.2115354328125 0.6579472296875 0.194035121875 0.7078824328125 0.19631360625 0.7186018578125 0.2103672390625 0.7366216640625 0.2286240640625 0.738342921875 0.2734951390625 0.73300668125 0.30516700937499996 0.7136704171875 0.318866865625 0.693952825 0.323521753125 0.6677550015625 0.3188958171875 0.609918678125 0.34164064375000003 0.5966813156249999 0.318777890625 0.59733954375 0.332026053125 0.587521228125 0.370867146875 0.5778648328125 0.379794190625 0.5717659312500001 0.3113238578125 0.5863197484375 0.28846110625 0.5869779765625001
2 0.154005940625 0.351219240625 0.1689607296875 0.3855029828125 0.20416825312500003 0.3948249921875 0.24488509375 0.38196895937500003 0.2658720984375 0.384510365625 0.29277115781249996 0.3787927953125 0.3214280390625 0.35729645468750004 0.3200529453125 0.326778475 0.30156026874999997 0.29989895 0.238697171875 0.244638053125 0.21025613437500001 0.2310768484375 0.1836418859375 0.23813435 0.1628417734375 0.28456954687499997 0.15251068437499998 0.3441846171875 0.154005940625 0.351219240625
0 0.6376993 0.8712645484375001 0.6382689218750001 0.87394440625 0.6635770421875 0.8727663984375 0.6722192765624999 0.8653275671875 0.6558382 0.8604066734375 0.6376993 0.8712645484375001
0 0.6177336125 0.861503721875 0.6194424749999999 0.869543290625 0.6371296796875 0.8685846921874999 0.650377840625 0.8587663765625001 0.633711953125 0.8525055531250001 0.6177336125 0.861503721875
0 0.602943471875 0.8520432640625 0.6040827140625 0.8574029765625 0.6245000984375 0.8572645265625001 0.629272909375 0.8436458359375001 0.61158570625 0.8446044328125 0.602943471875 0.8520432640625
0 0.565693315625 0.8571600953124999 0.56711736875 0.8638597359375 0.5826440140625 0.8647608453125001 0.588840878125 0.8578417937499999 0.579795909375 0.8513615625 0.565693315625 0.8571600953124999
0 0.5246916640625 0.8686761984375 0.5258309062500001 0.8740359109375 0.5389121828125 0.8754568 0.5524451546875 0.8669784125 0.5431153734375 0.8591582515624999 0.5246916640625 0.8686761984375
0 0.49591685625000004 0.8775934046874999 0.4937562984375 0.8794531140625 0.5092829437499999 0.8803542234374999 0.5143405671875 0.8680754593750001 0.49665336250000003 0.86903405625 0.49591685625000004 0.8775934046874999
0 0.4723065328125 0.6823452156250001 0.466276553125 0.6780250609375 0.4540497078125 0.6806239578125 0.445692284375 0.689402715625 0.4465467171875 0.6934224999999999 0.46235817343749996 0.6956635375 0.4723065328125 0.6823452156250001
0 0.358444465625 0.67573708125 0.35986851875000003 0.682436721875 0.38028590156250003 0.6822982734374999 0.3889281359375 0.6748594437500001 0.3747076171875 0.668078840625 0.358444465625 0.67573708125
0 0.568608265625 0.558241125 0.5697475078124999 0.5636008359375 0.5923254499999999 0.56160268125 0.594937703125 0.5498436953125 0.5799806796875 0.55162244375 0.568608265625 0.558241125
0 0.6047681390624999 0.5239462421875001 0.5929929890625 0.5166458609375 0.5804813328125 0.517904828125 0.5718390999999999 0.525343659375 0.572123909375 0.5266835875 0.58605961875 0.532124259375 0.6047681390624999 0.5239462421875001
0 0.3597105765625 0.5494259703125 0.3684707359375 0.554566271875 0.3907638671875 0.5512281890625 0.40372721875 0.5400699437500001 0.394967059375 0.5349296406249999 0.3748344859375 0.5364080171875 0.358571334375 0.54406625625 0.3597105765625 0.5494259703125
0 0.3916672578125 0.531429634375 0.3954187546875 0.5250303640625 0.38176785625 0.52092961875 0.36823488437499996 0.52940800625 0.3660743265625 0.5312677140625001 0.37972522343750004 0.5353684578125 0.3916672578125 0.531429634375
0 0.6102864 0.35751824375 0.6117104531249999 0.3642178859375 0.6256461609375 0.3696585578125 0.6400335640625 0.3651999546875 0.6298493515625 0.353360009375 0.6102864 0.35751824375
0 0.5916068296875 0.2816621140625 0.5780738578125 0.290140503125 0.5786434796875 0.292820359375 0.5904186296875 0.300120740625 0.6111208234375 0.30132221875 0.6319899015625 0.29128449375 0.6272660484375 0.281084846875 0.6087244125 0.278023659375 0.5916068296875 0.2816621140625
0 0.6338946015625 0.204050709375 0.64481531875 0.20733130625 0.6640934609375 0.20183314375 0.6620997875 0.1924536453125 0.6539092484375 0.1899931984375 0.6395218453125 0.1944518015625 0.6333249796875 0.20137085312499997 0.6338946015625 0.204050709375
0 0.7695691546875 0.30125418437499996 0.770138775 0.3039340390625 0.7837896734375 0.3080347859375 0.8000528250000001 0.3003765453125 0.7904382328125 0.2912164578125 0.7695691546875 0.30125418437499996
0 0.8308613203125 0.42127045625 0.8320005625 0.42663016875000004 0.8502573890624999 0.42835142812500004 0.8656661078125 0.416673403125 0.8544605796875 0.412052878125 0.8308613203125 0.42127045625
0 0.7563320578125 0.5155382671875001 0.7571864890625 0.5195580515625 0.770267765625 0.5209789406249999 0.789261096875 0.5141408515625 0.7772011375 0.5055005421875001 0.7563320578125 0.5155382671875001
0 0.84709764375 0.8463620890625 0.8399284218749999 0.8366822218750001 0.8252562078125001 0.839800896875 0.8212199015625 0.844860240625 0.8220743328125 0.848880025 0.830264871875 0.851340471875 0.84709764375 0.8463620890625
0 0.7551838734375 0.6544285125 0.7560383046875 0.658448296875 0.7734406984375 0.6561497703125 0.7833890593749999 0.6428314484375 0.7654170437500001 0.64245011875 0.7551838734375 0.6544285125
0 0.78970385 0.64849153125 0.789988659375 0.649831459375 0.7987488203125 0.6549717625 0.8150119703125001 0.6473135234375 0.7980612734375 0.6397127734375 0.78970385 0.64849153125
0 0.8329839859374999 0.647694853125 0.8394656609375 0.64211573125 0.8279753218750001 0.6361552781250001 0.8111425499999999 0.6411336624999999 0.8005066421875 0.6391929937499999 0.7918644078125 0.6466318234374999 0.78970385 0.64849153125 0.8011941890625 0.6544519828124999 0.8052304953125 0.649392640625 0.8109756640624999 0.6523728656250001 0.8329839859374999 0.647694853125
0 0.9457068109375 0.6489432749999999 0.9471308640625 0.6556429171875 0.9697088062500001 0.6536447609375 0.9759056703125 0.646725709375 0.9546338562500001 0.6428443734375 0.9457068109375 0.6489432749999999
0 1 0.63688273125 0.9884173265625 0.6454667421875 0.9887021375 0.6468066703125 1 0.653811140625 1 0.63688273125
0 0.962145790625 0.485795875 0.959297684375 0.472396590625 0.9492313984375 0.4731357796875 0.9405891640625 0.48057460937499996 0.9384286062499999 0.48243431875000004 0.9474735765625001 0.48891454999999995 0.962145790625 0.485795875
0 0.82793530625 0.5157236593750001 0.8293593593749999 0.5224233015624999 0.8562584171875001 0.5167057296875 0.851819375 0.5078460109375 0.8344169812500001 0.5101445375 0.82793530625 0.5157236593750001
0 0.763049584375 0.5351174109375 0.7577071515625 0.546056246875 0.7591312046875001 0.5527558875 0.7768184078125 0.5517972890625 0.7879060109375 0.54383868125 0.8123597015625 0.5386408890625 0.8241838093749999 0.5221229296875001 0.7744219984375 0.5284987296875 0.763049584375 0.5351174109375
0 0.9416283671875 0.184855275 0.9226350359375 0.191693365625 0.9243438984375001 0.199732934375 0.9456157140625001 0.20361427031249998 0.9416283671875 0.184855275
0 0.5158203984374999 0.3579910796875 0.514396346875 0.35129143906250004 0.501030259375 0.348530621875 0.4874972875 0.35700901093750004 0.4880669078125 0.359688865625 0.4992724375 0.364309390625 0.5158203984374999 0.3579910796875
0 0.465488965625 0.3616870234375 0.4607651125 0.3514873765625 0.44552327812500003 0.351926196875 0.439041603125 0.35750531875 0.4404656546875 0.36420495937499997 0.44865619375000004 0.36666540625 0.465488965625 0.3616870234375
0 0.41230942812500004 0.351983684375 0.4134486703125 0.357343396875 0.43142068437500003 0.357724728125 0.4476838359375 0.3500664875 0.42828776875 0.34298551875 0.41230942812500004 0.351983684375
0 0.47964946093750005 0.187820196875 0.481358325 0.19585976562500002 0.49688497031249995 0.196760875 0.503818340625 0.181282475 0.49289762187499997 0.1780018796875 0.47964946093750005 0.187820196875
0 0.38054858281250004 0.2747066671875 0.368488621875 0.266066359375 0.35194065937499996 0.27238466875 0.350349721875 0.2769242328125 0.35091934375 0.2796040890625 0.3591098828125 0.2820645375 0.38054858281250004 0.2747066671875
0 0.3624586421875 0.261746203125 0.37513718125 0.24924803125 0.35688035625 0.24752677343750001 0.3442018171875 0.2600249453125 0.3450562484375 0.26404472968750003 0.3508014171875 0.26702495625 0.3624586421875 0.261746203125
0 0.35058557343749996 0.3020825 0.3607697859375 0.31392244375 0.357185175 0.3090825109375 0.37344832656250004 0.30142427031249996 0.37390002187500004 0.2915249953125 0.3559280078125 0.2911436640625 0.3497311421875 0.29806271406249996 0.35058557343749996 0.3020825
0 0.3101135265625 0.1958468390625 0.33183703750000004 0.1898288984375 0.3449183140625 0.1912497875 0.3633420234375 0.18173183906249998 0.3488366953125 0.17361131093749999 0.2824089953125 0.1737262890625 0.233501615625 0.1841218734375 0.212917346875 0.1954995265625 0.21491102031249998 0.20487902343750003 0.225546928125 0.2068196921875 0.28668115312500003 0.1938252109375 0.3101135265625 0.1958468390625
0 0.20580132812500002 0.8594327703125 0.204210390625 0.8639723343749999 0.20478001250000002 0.8666521906250001 0.236402925 0.8711342656250001 0.250790328125 0.8666756624999999 0.25181164375 0.8594562421875 0.24089092656250002 0.8561756468749999 0.22018873125 0.8549741671875 0.20580132812500002 0.8594327703125
0 0.25670238125 0.858416684375 0.2584112453125 0.8664562531250001 0.28457379843749997 0.8692980296874999 0.2981067703125 0.8608196421875001 0.2759805234375 0.852918521875 0.25670238125 0.858416684375
0 0.058997034375 0.3010405609375 0.059851465625 0.3050603453125 0.07105699374999999 0.30968087031249997 0.087035334375 0.300682703125 0.08072054375 0.29502262031250004 0.058997034375 0.3010405609375
0 0.36691769218750003 0.3308217328125 0.36862655625 0.3388613015625 0.374371725 0.341841528125 0.39336505625 0.3350034375 0.3859110234375 0.32398364062499996 0.36691769218750003 0.3308217328125
0 0.3874530015625 0.34326241562500004 0.38830743437500004 0.3472822015625 0.4022431421875 0.3527228734375 0.41879110312499995 0.34640456249999996 0.403716153125 0.3356041765625 0.3874530015625 0.34326241562500004
1 0.614193715625 0.13541399999999998 0.6031550718750001 0.119554271875 0.5837590031250001 0.1124733 0.56362643125 0.113951678125 0.5231944000000001 0.1281476375 0.509779353125 0.14920515781250002 0.5120578375 0.15992458437499998 0.53805350625 0.174005565625 0.568252365625 0.171788 0.5967423625 0.1615308640625 0.614193715625 0.13541399999999998