2 0.021875 0.175 0.04375 0.140625
2 0.07578125 0.2109375 0.06015625 0.115625
2 0.228125 0.13984375 0.07421875 0.09453125
2 0.19140625 0.2421875 0.06015625 0.11328125
2 0.3125 0.30234375 0.07421875 0.09765625
2 0.303125 0.41953125 0.0625 0.1140625
2 0.4 0.27421875 0.05625 0.12421875
2 0.47578125 0.228125 0.065625 0.11015625
2 0.52421875 0.1296875 0.04765625 0.09765625
2 0.5625 0.1796875 0.0453125 0.10078125
2 0.62890625 0.08203125 0.0609375 0.10078125
2 0.61484375 0.19921875 0.053125 0.103125
2 0.696875 0.22421875 0.0609375 0.11328125
2 0.86015625 0.27890625 0.0640625 0.1171875
2 0.79453125 0.3046875 0.05390625 0.11328125
2 0.546875 0.27734375 0.07578125 0.09453125
2 0.43046875 0.38515625 0.06484375 0.08359375
2 0.48359375 0.41640625 0.053125 0.11328125
2 0.58359375 0.4703125 0.06875 0.06171875
2 0.57734375 0.40859375 0.059375 0.0671875
2 0.7 0.48203125 0.06875 0.1046875
2 0.75703125 0.55859375 0.075 0.07109375
2 0.6734375 0.60703125 0.05859375 0.09765625
2 0.67109375 0.70625 0.07421875 0.09375
2 0.6359375 0.79453125 0.0578125 0.090625
2 0.70859375 0.865625 0.07578125 0.065625
2 0.709375 0.8046875 0.07265625 0.078125
2 0.6484375 0.9375 0.04609375 0.09765625
2 0.5921875 0.85546875 0.0515625 0.09609375
2 0.59375 0.9453125 0.05625 0.06953125
2 0.03828125 0.575 0.0578125 0.1140625
2 0.2390625 0.8046875 0.06328125 0.075
2 0.2171875 0.8546875 0.06015625 0.05859375
2 0.24140625 0.97578125 0.04375 0.04296875
2 0.075 0.9328125 0.059375 0.10078125