2 1 0.1608888671875 0.9940888328125 0.16335295156250002 0.9865700531250001 0.2110618390625 0.9859144093750001 0.240376215625 0.9892011015625 0.25318899687499996 0.9946048984375 0.255664025 1 0.25509361406250003 1 0.1608888671875
2 0.9531976437499999 0.189853784375 0.9430478125 0.19543551718750002 0.928077921875 0.1901944015625 0.937863978125 0.20975313906249998 0.9314386421874999 0.2218867875 0.925745096875 0.26343183125 0.92888585625 0.2783315671875 0.936626715625 0.2872614953125 0.9574382046875 0.2887167765625 0.9698510718750001 0.27071033906249997 0.9701408218750001 0.226690265625 0.965538603125 0.19281390781250002 0.9615222390625 0.190435896875 0.9531976437499999 0.189853784375
2 0.8235107656249999 0.2101454171875 0.81080603125 0.2323257640625 0.8104422546875 0.2574662296875 0.8146066718749999 0.2976034515625 0.82694763125 0.300563575 0.84534803125 0.27668434999999997 0.8537445343750001 0.256299903125 0.8568831765624999 0.2313534734375 0.84958011875 0.21616268125000002 0.8318353609375 0.21072752968750003 0.8235107656249999 0.2101454171875
2 0.7946623125000001 0.12424178593749999 0.7778671875 0.125164515625 0.7722455484374999 0.145743 0.8026252515625 0.18981053125 0.8246782390625 0.1934497859375 0.8376748421875 0.16709553125 0.8363593171874999 0.14603195468750002 0.824748028125 0.1326370609375 0.802986909375 0.1248238984375 0.7946623125000001 0.12424178593749999
2 0.7098914640625 0.2797952578125 0.6965289640625 0.29144381406250003 0.677544828125 0.323670853125 0.672215059375 0.34007542968750004 0.677181053125 0.348811321875 0.6852137796875 0.35356734218749997 0.7166129015625 0.3431800296875 0.7315087671875 0.32954153750000004 0.7321644109375 0.30022716250000003 0.7237657890625 0.28076544531250003 0.7168286265625 0.2802803515625 0.7098914640625 0.2797952578125
2 0.7087282265625 0.3761832203125 0.695293821875 0.408798334375 0.687117278125 0.44597543437500003 0.6924491671874999 0.469417021875 0.7129687890625 0.47504621093750005 0.7231186187499999 0.4694644796875 0.7288861921875001 0.4467990421875 0.7255254718749999 0.41510665625 0.7280803765625 0.39850804218749997 0.7210691875 0.3791433421875 0.7128905249999999 0.3764742765625 0.7087282265625 0.3761832203125
2 0.9515374078125 0.5525461593750001 0.9408038421875 0.56647570625 0.9400022640625 0.5978770359375 0.947087478125 0.6361213421875 0.960524003125 0.6433523906249999 0.9842541734375001 0.6030685890624999 0.9876846828125 0.573948253125 0.980527559375 0.5566705062499999 0.9589365875 0.553063559375 0.9515374078125 0.5525461593750001
2 0.75227165 0.79027119375 0.7114544875 0.83565163125 0.7147411796875 0.8484644125 0.7392771640625 0.8564716125 0.77140595625 0.8356495296875 0.7762239 0.806626209375 0.7633711109375 0.7910473437500001 0.75227165 0.79027119375
2 0.7726474546875 0.8378335015625 0.7417601625 0.8608395578125 0.74044675625 0.87962214375 0.7691450375 0.8879204015625 0.782069734375 0.8825327062499999 0.7884950703125 0.8703990562499999 0.7895166078125 0.8557903781249999 0.7781971859375 0.8382215765625001 0.7726474546875 0.8378335015625
2 0.908661025 1 0.9213290609375001 0.9845456531250001 0.9279722375 0.949358490625 0.9235899796875 0.9322747828125 0.9033622250000001 0.9224716859375001 0.8922627656250001 0.9216955359375 0.883062565625 0.9336351484375 0.8831387109375 0.99236091875 0.8788340546875 1 0.908661025 1
2 0.744901675 1 0.7427161484375 0.986735934375 0.7308129906249999 0.9775149484375 0.7266506921875 0.9772238921874999 0.7120466953125 0.986688475 0.7076332328125 1 0.744901675 1
2 0.3193990296875 0.8795398421874999 0.30881139687500003 0.8913824359375001 0.307206121875 0.9143389296875 0.32049883125 0.9635030984374999 0.330064925 0.966269184375 0.3427696609375 0.9440888390625 0.35014250625 0.89846690625 0.3415979515625 0.8810921421875 0.3267982078125 0.8800572437499999 0.3193990296875 0.8795398421874999
2 0.37664966093749996 0.8982233078125 0.3663538953125 0.9058919937500001 0.3558402890625 0.9366141921875 0.34693195781249997 0.9443798953125 0.3472978515625 0.9590855921875001 0.3581054453125 0.9640356499999999 0.38855493750000003 0.9472904578125 0.394322509375 0.9246250203124999 0.3863616890625 0.8989024390625 0.37664966093749996 0.8982233078125
2 0.3764254640625 0.8017383265625 0.364962228125 0.82610264375 0.3708799703125 0.88104258125 0.378474896875 0.8920594656249999 0.3936626296875 0.8742470640625 0.4038843671875 0.8476987749999999 0.40687707343749996 0.8248392984375 0.4037363140625 0.8099395625 0.384750059375 0.8023204390625001 0.3764254640625 0.8017383265625
2 0.29018679999999997 0.818776678125 0.2775539734375 0.8199904625000001 0.258495809375 0.8333378984375001 0.2427243421875 0.8594981140625 0.2586438625 0.8710971093750001 0.29084668125 0.8691546328124999 0.30311361406250004 0.8532351484375 0.303477390625 0.8280946828125 0.2985113953125 0.819358790625 0.29018679999999997 0.818776678125
2 0.33041810781250003 0.741897890625 0.32012234375 0.7495665765624999 0.3243607859375 0.808583403125 0.32918084687500004 0.8194062484375 0.34261737187499997 0.8266373 0.3601421671875 0.8152798000000001 0.36284300625 0.7965942312500001 0.3597022453125 0.7816944968749999 0.3345804078125 0.742188946875 0.33041810781250003 0.741897890625
2 0.2594412046875 0.7600034499999999 0.2522121734375 0.7636922640625 0.24323193281250002 0.792424528125 0.24593489062499999 0.813585125 0.2663085765625 0.8213012687499999 0.30019069531250003 0.8152819015625001 0.3038411671875 0.8029542140625001 0.29515067500000003 0.7876664046874999 0.273169596875 0.7630605921875 0.26221606875000003 0.7601974874999999 0.2594412046875 0.7600034499999999
2 0.304782321875 0.649927434375 0.2911279578125 0.6657499 0.29244348124999997 0.686813478125 0.3153741921875 0.717777171875 0.32632771875 0.7206402765625 0.3344323546875 0.7044297375 0.32654344218750003 0.657740596875 0.30492825625000003 0.64784048125 0.304782321875 0.649927434375
2 0.3156575875 0.554218603125 0.3052899140625 0.5828538484375 0.30127566875 0.620322003125 0.305220125 0.6436665734375 0.31602771875 0.64861663125 0.3315813453125 0.6455099296875 0.3398319140625 0.6272124359375 0.33815049531249997 0.5914431609374999 0.32675704687499996 0.554994753125 0.3156575875 0.554218603125
2 0.22437678437500003 0.50379529375 0.21378915156249997 0.5156378859374999 0.2126957046875 0.5512131265625 0.21736983125 0.5641229234375 0.23095229062499997 0.5692670203125 0.2729390453125 0.5470371140625 0.27162351875 0.5259735375 0.23686367812500003 0.5046684625 0.22437678437500003 0.50379529375
2 0.3040399421875 0.42128521562500004 0.2941819796875 0.4226930390625 0.28790257812500003 0.432739734375 0.277608934375 0.480254584375 0.2787785234375 0.503405115625 0.30462791562499997 0.492629728125 0.3239779453125 0.4751083859375 0.32755439062499997 0.44390109375 0.305573309375 0.41929528125 0.3040399421875 0.42128521562500004
2 0.42737551093750004 0.4320068375 0.4130633828125 0.4372975125 0.3946629828125 0.4611767359375 0.394737009375 0.48005634218750004 0.41678999687499996 0.4836955953125 0.4423475203125 0.4770941171875 0.450014353125 0.467144440625 0.4527151921875 0.44845887187500005 0.448187 0.43346211874999996 0.434312675 0.43249193124999996 0.42737551093750004 0.4320068375
2 0.4324112953125 0.3799300046875 0.4028395265625 0.42399963906249993 0.40627215312500004 0.43472546406249996 0.4412498375 0.432977025 0.452933034375 0.4254053578125 0.45468424374999994 0.40036190937500005 0.4448981890625 0.38080317343750003 0.4324112953125 0.3799300046875
2 0.51945365625 0.3713364875 0.5103993906250001 0.3811891453125 0.5074066828125 0.404048621875 0.517924525 0.453018753125 0.525957253125 0.45777477343750006 0.53501151875 0.44792211562500006 0.548591859375 0.4132200453125 0.549905265625 0.394437459375 0.541652578125 0.3728887875 0.5268528328125 0.3718538890625 0.51945365625 0.3713364875
2 0.5764103015625001 0.3543476953125 0.56750196875 0.36211340000000003 0.5512926984375001 0.39453447812500003 0.55107485625 0.4175879921875 0.5929156765625 0.39744504062499997 0.5962002515625 0.37041165625 0.5875097609375 0.35512384531249996 0.5764103015625001 0.3543476953125
2 0.6186106609375 0.229371946875 0.5983109984375 0.240535409375 0.5945886218750001 0.27382965625 0.6151103609375 0.3193050109375 0.6302261859375 0.32245917031250004 0.6374552171875 0.31877035625 0.631101790625 0.3099374453125 0.6373790734375 0.2600445859375 0.6255478234375 0.229857040625 0.6186106609375 0.229371946875
2 0.560336371875 0.1854509953125 0.5523776703125 0.19957458125 0.5306905765625001 0.21064102343750002 0.5168902765625 0.22855044218749998 0.514043503125 0.2493229640625 0.5306207875 0.271453746875 0.5535493796875001 0.262571278125 0.5628214875 0.2296651046875 0.5737009875 0.213648603125 0.5631112375 0.1856450328125 0.560336371875 0.1854509953125
2 0.4609551703125 0.2309305546875 0.4489801046875 0.24267612968750002 0.4538741921875 0.2723785796875 0.47081736875 0.3092150609375 0.48732062656249997 0.312466240625 0.505866959375 0.2865000609375 0.5060848015625 0.26344654843750004 0.46373003593749995 0.23112459218749998 0.4609551703125 0.2309305546875
2 0.4944650390625 0.0906669953125 0.4854107734375 0.100519653125 0.483661684375 0.1654092671875 0.4926440421875 0.17652316875000001 0.50819766875 0.17341646718749998 0.5171060015625 0.1656507640625 0.5202446421875 0.1407043328125 0.5040311328125 0.0934330796875 0.49599840625 0.0886770609375 0.4944650390625 0.0906669953125
2 0.4524063765625 0.13386346093749998 0.44306024375 0.1478900265625 0.441309034375 0.172933475 0.4483942515625 0.21117777968749998 0.45555137500000004 0.228455525 0.461101103125 0.22884359999999998 0.4800112140625 0.1777369546875 0.48176242187499996 0.1526935046875 0.474459365625 0.1375027140625 0.460730971875 0.13444557343750002 0.4524063765625 0.13386346093749998
2 0.41392415937499993 0.1458526328125 0.401657225 0.161772115625 0.3898302125 0.2112769015625 0.3926791046875 0.23035054375000003 0.39917846562500003 0.2370965 0.4187484546875 0.236367809375 0.4293360875 0.224525215625 0.43262066250000003 0.19749183125 0.42977177187500004 0.1784181875 0.4166990234375 0.14604667031250002 0.41392415937499993 0.1458526328125
2 0.40544727500000005 0.027818979687500002 0.3917929078125 0.043641443749999995 0.3844200625 0.0892633765625 0.38544371875 0.1145008640625 0.3958135078125 0.125711784375 0.41567536718750003 0.12080918437499999 0.4233422015625 0.11085950625 0.42334008125 0.0710133421875 0.40683470625 0.0279159984375 0.40544727500000005 0.027818979687500002
2 0.320602396875 0.16449284375 0.313373365625 0.16818165937500001 0.3049070734375 0.24937883125 0.32082659375 0.2609778265625 0.34390112031250003 0.25000840156250004 0.34747756406249997 0.21880110937500002 0.34338717343749997 0.1975434921875 0.32476469531249996 0.1647839 0.320602396875 0.16449284375
2 0.21238688906249997 0.23661771250000002 0.2013614546875 0.25472116875 0.2001961015625 0.311262965625 0.20487022812500003 0.324172765625 0.21750305625 0.32295898125 0.2398457921875 0.2825781609375 0.24188886874999999 0.253360803125 0.22071148593749998 0.23719982499999998 0.21238688906249997 0.23661771250000002
2 0.15601186250000001 0.2054125234375 0.13636996562499998 0.22710777499999998 0.13586025468750001 0.254335196875 0.17281122499999998 0.284182125 0.18821891875000002 0.2831623765625 0.17718924687499998 0.2215735015625 0.1643364578125 0.2059946359375 0.15601186250000001 0.2054125234375