2 0 0.217573221875 0.02364395 0.22175732187500002 0.0292072328125 0.21966527187499998 0.03337969375 0.2071129703125 0.0347705140625 0.1778242671875 0.030598053125000003 0.1297071125 0.0180806671875 0.1234309625 0.0125173859375 0.1234309625 0 0.12761506250000001 0 0.217573221875
2 0.087621696875 0.248953975 0.0917941578125 0.2343096234375 0.0890125171875 0.19246861875000001 0.083449234375 0.17991631875 0.0945758 0.161087865625 0.0792767734375 0.16527196718749998 0.0695410296875 0.158995815625 0.06119610625000001 0.158995815625 0.05702364375 0.161087865625 0.050069540625 0.19456066875 0.0472879 0.23849372343750003 0.058414464062500004 0.257322175 0.0792767734375 0.257322175 0.087621696875 0.248953975
2 0.20027816406249999 0.276150628125 0.20723226718749999 0.2364016734375 0.2086230875 0.21129707187500002 0.1974965234375 0.18828451875000002 0.1891516 0.18828451875000002 0.17107093125 0.19246861875000001 0.1627260078125 0.2071129703125 0.16411682968750002 0.2322175734375 0.17107093125 0.25313807499999996 0.187760778125 0.278242678125 0.20027816406249999 0.276150628125
2 0.253129346875 0.12761506250000001 0.248956884375 0.1066945609375 0.2322670375 0.10460251093749999 0.2239221140625 0.10460251093749999 0.201668984375 0.11087866093750001 0.1891516 0.1234309625 0.18636995781250001 0.1443514640625 0.1974965234375 0.17154811718750002 0.2197496515625 0.1694560671875 0.253129346875 0.12761506250000001
2 0.333796940625 0.336820084375 0.339360221875 0.3284518828125 0.33518776093749997 0.31171548125 0.3184979140625 0.278242678125 0.305980528125 0.2656903765625 0.299026425 0.2656903765625 0.2920723234375 0.2656903765625 0.282336578125 0.284518828125 0.2809457578125 0.31380753125 0.2948539640625 0.3284518828125 0.3254520171875 0.341004184375 0.333796940625 0.336820084375
2 0.28929068125 0.46025104531250005 0.310152990625 0.45606694531249997 0.31710709375 0.43305439375 0.3115438109375 0.3953974890625 0.30041724687500004 0.3619246859375 0.296244784375 0.3619246859375 0.2878998609375 0.3640167359375 0.2795549375 0.3828451890625 0.2809457578125 0.399581590625 0.275382475 0.43096234375 0.2795549375 0.45397489531249996 0.28929068125 0.46025104531250005
2 0.05424200312500001 0.56694560625 0.0556328234375 0.535564853125 0.045897079687499995 0.5209205015625 0.038479832812499996 0.5209205015625 0.016689846875 0.5230125515624999 0.0083449234375 0.5397489546875 0.009735743750000001 0.56903765625 0.030598053125000003 0.6108786609375 0.044506259375 0.6046025109375 0.05424200312500001 0.56694560625
2 0.22809457656249998 0.7719665265625 0.2169680109375 0.7719665265625 0.20305980468749998 0.7866108781250001 0.205841446875 0.8158995812500001 0.2364395 0.838912134375 0.26147427031250003 0.8326359828125 0.26564673125 0.8200836812500001 0.22809457656249998 0.7719665265625
2 0.2336578578125 0.843096234375 0.2044506265625 0.81799163125 0.19888734375 0.81799163125 0.18636995781250001 0.8347280328125001 0.18636995781250001 0.8493723843750001 0.191933240625 0.8619246859375 0.2044506265625 0.8682008375000001 0.2336578578125 0.8619246859375 0.2336578578125 0.843096234375
2 0.083449234375 0.9644351468749999 0.087621696875 0.905857740625 0.0792767734375 0.8933054390624999 0.068150209375 0.8933054390624999 0.0472879 0.9016736406250001 0.0417246171875 0.9184100421875 0.045897079687499995 0.9539748953125 0.068150209375 0.9853556484375 0.0904033375 0.9790794984375 0.083449234375 0.9644351468749999
2 0.2364395 0.9602510453124999 0.2239221140625 0.9686192468750001 0.2169680109375 0.9979079499999999 0.26147427031250003 0.9979079499999999 0.25452016718750003 0.970711296875 0.2406119609375 0.9602510453124999 0.2364395 0.9602510453124999
2 0.6634214187499999 0.9267782421874999 0.6634214187499999 0.903765690625 0.653685675 0.8912133890625 0.646268428125 0.8912133890625 0.6314325453125 0.8912133890625 0.6216968015625 0.9079497906249999 0.6258692625 0.9539748953125 0.636995828125 0.9769874484375001 0.646731571875 0.9748953968749999 0.6634214187499999 0.9267782421874999
2 0.613351878125 0.9456066953125 0.6050069546875 0.9142259421875 0.595271209375 0.905857740625 0.585535465625 0.905857740625 0.575799721875 0.9309623437500001 0.5799721828125 0.9539748953125 0.609179415625 0.972803346875 0.62030598125 0.9686192468750001 0.6216968015625 0.9539748953125 0.613351878125 0.9456066953125
2 0.6022253125 0.8891213390624999 0.61196105625 0.8347280328125001 0.6022253125 0.80962343125 0.5938803890625 0.80962343125 0.5744089015625 0.8158995812500001 0.5702364390625 0.8305439328125 0.571627259375 0.8535564859375 0.5799721828125 0.8807531375 0.5938803890625 0.899581590625 0.6022253125 0.8891213390624999
2 0.717663421875 0.8493723843750001 0.699582753125 0.8347280328125001 0.68706536875 0.8326359828125 0.6787204453125 0.8326359828125 0.6731571625 0.8410041843749999 0.6717663421875 0.8661087859375 0.68289290625 0.8828451890625001 0.7148817796875 0.8870292890625 0.7315716265625001 0.8765690375 0.717663421875 0.8493723843750001
2 0.653685675 0.8200836812500001 0.6620305984375 0.7615062765625 0.6522948546875 0.7531380750000001 0.6481223921875 0.7531380750000001 0.62030598125 0.7907949796875 0.61613351875 0.80543933125 0.6175243390625 0.8242677828125 0.6342141859375 0.836820084375 0.6481223921875 0.8305439328125 0.653685675 0.8200836812500001
2 0.7315716265625001 0.8305439328125 0.7357440890625 0.80962343125 0.7287899859375 0.7803347281249999 0.7218358828125 0.776150628125 0.7190542421874999 0.776150628125 0.7079276765625 0.778242678125 0.6842837281249999 0.8012552296875001 0.6745479828125001 0.8158995812500001 0.6773296249999999 0.8284518828125 0.71070931875 0.836820084375 0.7315716265625001 0.8305439328125
2 0.6968011125 0.6799163187499999 0.6842837281249999 0.663179915625 0.6842837281249999 0.661087865625 0.6620305984375 0.6694560671875001 0.6509040328125 0.715481171875 0.6578581359375 0.7322175734374999 0.6689847015625 0.7301255234374999 0.694019471875 0.7008368203125 0.6968011125 0.6799163187499999
2 0.689847009375 0.6338912140625 0.6884561890625001 0.596234309375 0.680111265625 0.56694560625 0.6689847015625 0.56694560625 0.6550764953125 0.6025104609375 0.6509040328125 0.6380753140625 0.6578581359375 0.656903765625 0.6731571625 0.661087865625 0.6842837281249999 0.656903765625 0.689847009375 0.6338912140625
2 0.784422809375 0.535564853125 0.774687065625 0.5230125515624999 0.7621696796874999 0.5230125515624999 0.7260083453124999 0.5418410046875 0.723226703125 0.56276150625 0.7635605 0.587866109375 0.77746870625 0.5836820078125 0.7830319890624999 0.5711297078124999 0.784422809375 0.535564853125
2 0.7162726015625 0.4476987453125 0.71070931875 0.43723849374999996 0.700973575 0.43514644375 0.699582753125 0.43305439375 0.675938803125 0.45606694531249997 0.6773296249999999 0.48744769843749997 0.6954102921875001 0.5062761499999999 0.7204450625 0.5188284515625 0.723226703125 0.49581590000000003 0.7162726015625 0.4476987453125
2 0.606397775 0.48744769843749997 0.6077885953125 0.468619246875 0.5910987484375 0.44351464375000005 0.5771905421875 0.43723849374999996 0.5702364390625 0.43723849374999996 0.556328234375 0.43723849374999996 0.5507649515625 0.4518828453125 0.552155771875 0.47071129687499996 0.559109875 0.4811715484375 0.5841446453125 0.4895397484375 0.606397775 0.48744769843749997
2 0.575799721875 0.3849372390625 0.5632823359375 0.3849372390625 0.552155771875 0.40376569062499995 0.552155771875 0.4288702921875 0.5632823359375 0.43723849374999996 0.5980528515625 0.44142259375000004 0.6022253125 0.43096234375 0.575799721875 0.3849372390625
2 0.485396384375 0.4518828453125 0.49930458906249997 0.40376569062499995 0.49791376875 0.3807531375 0.48956884531249995 0.3702928875 0.4821516 0.3702928875 0.467315715625 0.3702928875 0.457579971875 0.39121338906249997 0.457579971875 0.41004184062500004 0.4687065375 0.4456066953125 0.47705146093749995 0.45606694531249997 0.485396384375 0.4518828453125
2 0.433936021875 0.34937238437499996 0.4228094578125 0.34937238437499996 0.41307371406250004 0.3640167359375 0.41446453437499997 0.39121338906249997 0.45479833125 0.4142259421875 0.45618915156249995 0.39121338906249997 0.44228094531249995 0.3577405859375 0.433936021875 0.34937238437499996
2 0.42141863749999997 0.2677824265625 0.42002781718750004 0.2343096234375 0.40055632812499997 0.22175732187500002 0.39360222500000003 0.22175732187500002 0.37969401875000003 0.251046025 0.3824756609375 0.3012552296875 0.3755215578125 0.30962343125 0.3824756609375 0.31380753125 0.3977746875 0.31171548125 0.42141863749999997 0.2677824265625
2 0.5020862312500001 0.22803347343749997 0.48956884531249995 0.2092050203125 0.4687065375 0.1966527203125 0.461752434375 0.18200836874999998 0.45897079218750003 0.18200836874999998 0.44645340781250004 0.2092050203125 0.45618915156249995 0.225941421875 0.46314325468749995 0.2594142265625 0.485396384375 0.26987447656249997 0.5034770515625 0.248953975 0.5020862312500001 0.22803347343749997
2 0.56884561875 0.246861925 0.5577190546875 0.2343096234375 0.5549374125 0.2343096234375 0.5104311546875 0.26359832656250004 0.5090403343750001 0.28661087812499997 0.5257301812499999 0.31380753125 0.542420028125 0.31171548125 0.561891515625 0.276150628125 0.56884561875 0.246861925
2 0.5396383859375 0.1673640171875 0.542420028125 0.1025104609375 0.5340751046875 0.092050209375 0.5326842843749999 0.089958159375 0.5243393609375 0.09414225937500001 0.5048678718749999 0.14016736406250002 0.5062586921875 0.16527196718749998 0.514603615625 0.1736401671875 0.5299026421875 0.1778242671875 0.5396383859375 0.1673640171875
2 0.571627259375 0.215481171875 0.5813630046875 0.1778242671875 0.5813630046875 0.152719665625 0.5730180812500001 0.1380753140625 0.5646731578125 0.1380753140625 0.5507649515625 0.14016736406250002 0.542420028125 0.154811715625 0.542420028125 0.17991631875 0.5577190546875 0.2322175734375 0.5632823359375 0.2322175734375 0.571627259375 0.215481171875
2 0.6258692625 0.23849372343750003 0.630041725 0.21966527187499998 0.6216968015625 0.1694560671875 0.6105702359375 0.152719665625 0.6077885953125 0.152719665625 0.59248956875 0.18410041875 0.5883171078125 0.2029288703125 0.589707928125 0.2301255234375 0.599443671875 0.24267782499999999 0.618915159375 0.24476987499999997 0.6258692625 0.23849372343750003
2 0.6439499296875 0.098326359375 0.63977746875 0.0523012546875 0.6272600828125 0.035564853125000004 0.6258692625 0.035564853125000004 0.606397775 0.0774058578125 0.6036161328125 0.11715481093749999 0.6105702359375 0.12761506250000001 0.630041725 0.13389121406249999 0.6411682890625 0.1234309625 0.6439499296875 0.098326359375
2 0.7093184984375001 0.18200836874999998 0.7023643953125001 0.1778242671875 0.6981919328124999 0.1778242671875 0.6773296249999999 0.2092050203125 0.6717663421875 0.2301255234375 0.6731571625 0.2615062765625 0.6954102921875001 0.274058578125 0.7121001390624999 0.26359832656250004 0.7093184984375001 0.18200836874999998
2 0.8150208624999999 0.276150628125 0.80528511875 0.257322175 0.7969401953124999 0.257322175 0.774687065625 0.27196652656250003 0.774687065625 0.3012552296875 0.794158553125 0.34309623437500003 0.8066759390625 0.345188284375 0.8122392218750001 0.3326359828125 0.8150208624999999 0.276150628125
2 0.8636995828125 0.2301255234375 0.8553546593749999 0.2301255234375 0.8414464531249999 0.24476987499999997 0.8261474265625001 0.30543933125 0.8414464531249999 0.30753138125 0.8803894296875001 0.28033472812500004 0.88178025 0.25313807499999996 0.8636995828125 0.2301255234375