2 0.91015625 0.90703125 0.146875 0.0703125
2 0.86484375 0.8609375 0.125 0.0796875
2 0.90546875 0.6984375 0.10625 0.0921875
2 0.81171875 0.75390625 0.121875 0.0796875
2 0.7296875 0.64609375 0.109375 0.0921875
2 0.61640625 0.678125 0.1234375 0.0828125
2 0.740625 0.55546875 0.1328125 0.0796875
2 0.771875 0.471875 0.1203125 0.0859375
2 0.85859375 0.40546875 0.1046875 0.0640625
2 0.80234375 0.37734375 0.10625 0.0640625
2 0.8859375 0.29375 0.109375 0.078125
2 0.7734375 0.3296875 0.1109375 0.071875
2 0.7328125 0.25390625 0.121875 0.08125
2 0.6484375 0.10390625 0.1265625 0.0859375
2 0.63515625 0.1734375 0.1203125 0.0734375
2 0.709375 0.41171875 0.10625 0.0921875
2 0.62578125 0.54609375 0.0953125 0.08125
2 0.58515625 0.5 0.1203125 0.0734375
2 0.51328125 0.4125 0.075 0.0796875
2 0.575 0.40625 0.0765625 0.071875
2 0.4796875 0.3 0.115625 0.0875
2 0.39375 0.25859375 0.084375 0.0875
2 0.36171875 0.35 0.10625 0.0765625
2 0.26484375 0.37109375 0.10625 0.0921875
2 0.18515625 0.42265625 0.1 0.0734375
2 0.1015625 0.36484375 0.078125 0.0859375
2 0.1609375 0.35234375 0.090625 0.0859375
2 0.046875 0.43671875 0.09375 0.0640625
2 0.13359375 0.47734375 0.1046875 0.06875
2 0.0453125 0.49296875 0.078125 0.06875
2 0.51484375 0.9640625 0.1234375 0.071875
2 0.25078125 0.8140625 0.0859375 0.075
2 0.20546875 0.8453125 0.0703125 0.071875
2 0.08203125 0.84453125 0.0515625 0.0515625
2 0.15625 0.98046875 0.109375 0.0390625