2 0 0.22711412812499998 0.018860496875 0.230113259375 0.024386421875 0.22792443437499998 0.028339178124999996 0.215301225 0.029218629687499997 0.1859927109375 0.02420704375 0.137955703125 0.0115820296875 0.1318989671875 0.0060195953125 0.1319960609375 0 0.1341256875 0 0.22711412812499998
2 0.063655246875 0.166560296875 0.055311595312499996 0.1667059359375 0.051176278124999995 0.1688704875 0.044807415625 0.2024595578125 0.0427929359375 0.2464344671875 0.054246407812499994 0.265065865625 0.0751055390625 0.26470176875 0.083303146875 0.2561892046875 0.08721939375 0.2414742640625 0.08370795 0.199688178125 0.077926446875 0.1872348828125 0.088722715625 0.1682151109375 0.0734990421875 0.17266558125 0.063655246875 0.166560296875
2 0.15766579218750001 0.213043821875 0.1594945390625 0.238120328125 0.16681269375000002 0.2589162765625 0.183938134375 0.283725778125 0.196417103125 0.28141558906249997 0.20267643125 0.241551321875 0.2036289046875 0.2164262703125 0.1921024109375 0.1936114078125 0.1837587578125 0.193757046875 0.165753865625 0.19825606093749998 0.15766579218750001 0.213043821875
2 0.18021080312499999 0.1498792296875 0.1918103203125 0.17687755624999998 0.21402354843750002 0.174397453125 0.24666793281250002 0.131980265625 0.24213099374999997 0.11113577031249999 0.2254071765625 0.10933531562500001 0.217063525 0.1094809546875 0.1949233171875 0.1161445203125 0.1826269078125 0.12891336874999998 0.18021080312499999 0.1498792296875
2 0.28801472499999997 0.26935490156249997 0.27860906406249997 0.28835039687499997 0.27772961406249996 0.3176589125 0.29189128124999997 0.332058303125 0.3227037421875 0.3440746828125 0.330974371875 0.33974558125 0.3363907609375 0.3312815609375 0.3319268453125 0.31462052812499997 0.314655359375 0.2814441015625 0.3019208109375 0.2691121703125 0.2949677671875 0.2692335359375 0.28801472499999997 0.26935490156249997
2 0.28555892968749996 0.3677391046875 0.2775438796875 0.38671032968749997 0.27922657812499996 0.4034199078125 0.27421181250000004 0.434892975 0.27878526406250004 0.4578292015625 0.28862905781250003 0.463934484375 0.3094151671875 0.4593869234375 0.3159665875 0.43625651093749995 0.3097469484375 0.39870243437499997 0.2980378984375 0.3654289140625 0.2938660703125 0.365501734375 0.28555892968749996 0.3677391046875
2 0.0110152859375 0.5775834328125 0.0326046453125 0.6190539671875 0.0464011984375 0.612536040625 0.05547825625 0.574714959375 0.0563211953125 0.5433147125 0.0463313546875 0.5288425046875 0.0389152375 0.528971953125 0.01716508125 0.531443971875 0.0091135203125 0.548323465625 0.0110152859375 0.5775834328125
2 0.2712686546875 0.824124959375 0.232882459375 0.7766705093749999 0.2217575890625 0.77686469375 0.20810707968750003 0.791749546875 0.21139945624999998 0.8209852421875 0.2423944734375 0.8434602812499999 0.267315896875 0.83674816875 0.2712686546875 0.824124959375
2 0.21092163125000002 0.8733028062500001 0.2400148796875 0.8665178750000001 0.23968627812499999 0.847692290625 0.21004535937500002 0.8231012468750001 0.2044829234375 0.8231983406250001 0.192259534375 0.8401506515625 0.1925151140625 0.8547927718749999 0.1982966171875 0.8672460687499999 0.21092163125000002 0.8733028062500001
2 0.053889196875 0.9618309421875001 0.07668660625 0.99281854375 0.0988268109375 0.9861549796875 0.0916181875 0.9716342250000001 0.0947676984375 0.9129929203125 0.086204978125 0.90058816875 0.07508010781249999 0.9007823546875 0.054367021875 0.9095133796875 0.049096676562500004 0.926344325 0.053889196875 0.9618309421875001
2 0.26965291874999997 1 0.2627726 0.97492381875 0.24868395468750001 0.9647078921875 0.2445121296875 0.9647807125 0.2321426953125 0.973366096875 0.22630800624999997 1 0.26965291874999997 1
2 0.633773046875 0.9517090312500001 0.6452995421875001 0.97452389375 0.6549972921875 0.9722622484375 0.6708448359375 0.9238611453125 0.6704432125 0.9008520984375 0.6604898828125 0.8884716203125 0.6530737656250001 0.8886010687500001 0.6382401421874999 0.8888599906250001 0.628797971875 0.90576375625 0.633773046875 0.9517090312500001
2 0.6174143437499999 0.9708258937500001 0.6284661921875 0.9664482453125001 0.6296012203125 0.95178185 0.6211115234375 0.9435605640625001 0.6122202015625 0.9123302296875 0.60233989375 0.9041332140625 0.5926056328125 0.9043031265625 0.5833095078125 0.92957381875 0.5878829578125 0.9525100453125 0.6174143437499999 0.9708258937500001
2 0.5777867609375 0.85225256875 0.5866050609375 0.8792994406249999 0.6008397515625 0.8978822937500001 0.609000846875 0.8872779968750001 0.6177858140625 0.8327230625 0.6076134171875001 0.8077921968749999 0.5992697640625 0.8079378359374999 0.5799107765625 0.8145528531249999 0.5759945281250001 0.82926779375 0.5777867609375 0.85225256875
2 0.6895466203125 0.8795949578125001 0.7216036453125 0.8832201390625001 0.7381083937499999 0.8724702015625001 0.7237276593749999 0.8455204234375 0.705394165625 0.831193853125 0.6928421765625 0.8293205796875001 0.6844985234375 0.82946621875 0.6790821328125001 0.8379302390625 0.6781296609374999 0.8630552890625 0.6895466203125 0.8795949578125001
2 0.6231656921875001 0.8221673125000001 0.640072065625 0.834426425 0.65386861875 0.827908496875 0.6592484984375 0.8173527453125 0.666569834375 0.7586386234375 0.656689528125 0.7504416093749999 0.6525177015625 0.750514428125 0.6253627296875 0.7886510609374999 0.6214464828125 0.8033660015624999 0.6231656921875001 0.8221673125000001
2 0.6895132890625 0.797993153125 0.68003460625 0.8128051859375001 0.6830348921875 0.8253070296875 0.7165555484375 0.8330914 0.73730514375 0.8264521078125 0.7411118578125 0.805461971875 0.73364765625 0.7762990953125 0.7266215890625001 0.7722369984374999 0.7238403718749999 0.7722855453124999 0.7127520125 0.7745714625 0.6895132890625 0.797993153125
2 0.6729752078125 0.727141284375 0.6974950078125 0.6974201250000001 0.6999111109375 0.6764542640625 0.6871035437499999 0.6599388687500001 0.68706703125 0.6578471359375 0.6649633359375 0.666602434375 0.6546417140624999 0.7128147140625 0.6618868484375 0.7294272015625001 0.6729752078125 0.727141284375
2 0.6605724421875 0.6541248640624999 0.6759421609375 0.6580413218750001 0.686994009375 0.6536636734375 0.69215481875 0.6305575343750001 0.69010700625 0.5929306390625 0.6812521953124999 0.563792034375 0.6701273265625 0.5639862203125 0.65684193125 0.599788390625 0.6532907953125 0.6354206453125 0.6605724421875 0.6541248640624999
2 0.7788868984375 0.578826765625 0.7842302671875 0.566179284375 0.7850001828125001 0.5305955734375 0.775046853125 0.518215096875 0.762531375 0.5184335546875001 0.72670415 0.5378902421875 0.72428804375 0.5588561046875 0.7650538328125001 0.5832529625 0.7788868984375 0.578826765625
2 0.6954900640624999 0.5028648140625 0.7207400890625 0.5149782875 0.72311968125 0.49192069375 0.7153268796875001 0.44393223437499996 0.7095818875 0.43357066718750004 0.699811115625 0.4316488484375 0.69838399375 0.429581390625 0.6751452687499999 0.45300308125 0.6770835484375 0.48435478125 0.6954900640624999 0.5028648140625
2 0.549917459375 0.451004203125 0.5516366703125 0.4698055140625 0.5587722703125 0.48014280625000005 0.5839492734375 0.488072815625 0.6061625015625001 0.4855927125 0.607224509375 0.46674285624999995 0.5900990687500001 0.44193335468750006 0.576083446875 0.43590089218749994 0.569130403125 0.4360222578125 0.5552243156250001 0.4362649890625 0.549917459375 0.451004203125
2 0.6010048703125 0.42918878125 0.5737800546875 0.38363187656250003 0.561264575 0.383850334375 0.5504683078125 0.402870103125 0.55090644375 0.42797088125 0.5621773578125 0.43614362343749996 0.5970156015625 0.4397202578125 0.6010048703125 0.42918878125
2 0.45568784375 0.3919702890625 0.456016446875 0.4107958734375 0.467762009375 0.44616112656249995 0.47628821875 0.45647414375000006 0.48455884843749997 0.45214504218749996 0.49762517500000003 0.403792484375 0.49583294218749996 0.380807709375 0.4873067328125 0.370494690625 0.47989061718750003 0.37062414062500004 0.4650569921875 0.3708830625 0.45568784375 0.3919702890625
2 0.43980696718749995 0.3587695890625 0.43131726875 0.3505483015625 0.4201924 0.3507424859375 0.41071371875 0.3655545203125 0.4125789734375 0.3927227578125 0.4533082515625 0.415027884375 0.4542972359375 0.3919945625 0.43980696718749995 0.3587695890625
2 0.3722179875 0.311824875 0.379244053125 0.31588697187500003 0.3945042390625 0.3135282359375 0.41737785 0.269189228125 0.4154030609375 0.235745796875 0.3957154703125 0.22353523125 0.388762425 0.223656596875 0.3753674953125 0.2531835703125 0.3790249859375 0.30333658125 0.3722179875 0.311824875
2 0.4514128421875 0.2267477671875 0.45895006718750003 0.2600941078125 0.4813823640625 0.27016439375 0.4990951640625 0.24893152812500002 0.49733944374999994 0.22803848593749998 0.48449536249999997 0.2094313578125 0.46341716406250005 0.19724506718749998 0.45620854062499994 0.1827243125 0.453427321875 0.182772859375 0.44138649062499996 0.2101838265625 0.4514128421875 0.2267477671875
2 0.53912755 0.31100382656250003 0.5579753796875 0.275104565625 0.5644172640625 0.2456989578125 0.553073328125 0.233342753125 0.5502921093750001 0.2333913 0.5063037875 0.2634522828125 0.505314803125 0.286485603125 0.52247675625 0.3133868359375 0.53912755 0.31100382656250003
2 0.5004159296874999 0.16521371875 0.5089056265624999 0.1734350046875 0.5242753453125 0.1773514625 0.53382705 0.16672289375 0.53547641875 0.10183066874999999 0.526950209375 0.09151764999999999 0.5255230890625 0.08945019062500001 0.5172524593750001 0.09377929375 0.498587184375 0.1401372125 0.5004159296874999 0.16521371875
2 0.5363892015625 0.1541239578125 0.5368273375 0.1792247375 0.553036815625 0.231251021875 0.55859925 0.23115392968749998 0.5666508125 0.2142744375 0.5757278703125001 0.17645335625 0.5752897359375 0.151352578125 0.566690503125 0.1368560953125 0.5583468515625001 0.13700173437500002 0.544477275 0.1393361984375 0.5363892015625 0.1541239578125
2 0.58311905 0.2014327703125 0.58498430625 0.22860100781249998 0.594937634375 0.240981484375 0.61444266875 0.24273339218749998 0.621286178125 0.23633683125 0.625129403125 0.2174384265625 0.6159094796875 0.1673825078125 0.60449251875 0.150842840625 0.6017113015625 0.1508913875 0.5869622750000001 0.182534365625 0.58311905 0.2014327703125
2 0.6040543828125 0.1257420625 0.6236324390625 0.1316774328125 0.634574753125 0.1210245890625 0.6369178343749999 0.09587526406249999 0.631942759375 0.0499299875 0.6191351890625 0.03341459375 0.61774458125 0.0334388671875 0.5990062859374999 0.0756133234375 0.5969187812500001 0.11540476875000001 0.6040543828125 0.1257420625
2 0.691437309375 0.2706826109375 0.7079420578125 0.2599326734375 0.7037368984375 0.17840368906249998 0.6967108328125 0.17434159062500001 0.6925390046875 0.174414409375 0.6722275453125001 0.20615448125000002 0.6670302218749999 0.227168890625 0.6689685 0.258520590625 0.691437309375 0.2706826109375
2 0.8039273937500001 0.3398596296875 0.8092707609374999 0.327212146875 0.8110661734375 0.27068685000000003 0.8010033109375 0.25203117656249996 0.7926596578125 0.252176815625 0.770665496875 0.26720730625 0.7711766546875001 0.29649154843750003 0.791375403125 0.33798635625 0.8039273937500001 0.3398596296875
2 0.87741376875 0.2465126890625 0.8589342312499999 0.22381919374999998 0.850590578125 0.2239648328125 0.83694006875 0.2388496859375 0.8227022015625 0.29977690625000003 0.838035409375 0.3016016328125 0.87649780625 0.2737294734375 0.87741376875 0.2465126890625