2 0.2805556375 0.44272806249999996 0.302001278125 0.45919815625 0.33512201875000003 0.4571809453125 0.36408744843749996 0.43997955468749994 0.4521080515625 0.4088899203125 0.4827578375 0.3948605140625 0.517336378125 0.369832528125 0.5238472468750001 0.35633770625 0.5201408140625 0.338319415625 0.4946531421875 0.319756521875 0.46287903906250005 0.31327139531250003 0.453672775 0.316171078125 0.4508641015625 0.2924845609375 0.4351448515625 0.2812792515625 0.39539996093749996 0.2836999046875 0.3593615046875 0.30413885 0.3408378171875 0.3244466515625 0.301321603125 0.3806498796875 0.28175257343750004 0.43517089999999997 0.2805556375 0.44272806249999996
2 0.4773797578125 0.5392691296875001 0.4919768109375 0.5575597218749999 0.5216176781249999 0.563706978125 0.5416034015625 0.57558803125 0.5844925625 0.5809284031249999 0.6170511453125 0.568653925 0.6357992734375 0.546929065625 0.6493810515625 0.5025968734374999 0.6517344921875 0.4463180578125 0.6670006265625 0.40515785 0.6554345703125 0.3815369046875 0.6390419984375 0.3745827640625 0.6300601765625 0.376065390625 0.5579832609375 0.4169432796875 0.49466584999999996 0.48535541406249993 0.4789508359375 0.529349734375 0.4773797578125 0.5392691296875001
2 0.6443322171875 0.5482805515625 0.652754003125 0.5641404718749999 0.6468052906249999 0.5878925609375 0.6575847515625 0.6026732984375001 0.6818369468750001 0.6152300921875 0.7411186796875 0.6275246046875 0.7701973875 0.6234145953125 0.8327324375 0.60136188125 0.8550737187499999 0.5845639328125001 0.8547359999999999 0.5728896109375 0.8471008140625 0.5658699 0.8522650437499999 0.560877415625 0.8591136328125 0.5590569171875 0.8698930921875 0.5738376546875 0.8826925093750001 0.5758648828124999 0.8796615140625 0.5811952375 0.8668620984375 0.579168009375 0.8685464546875 0.58233999375 0.8839279859375001 0.58187098125 0.8923476515625 0.5701310859375 0.8863968234374999 0.5662833593750001 0.9006540390625 0.5452998124999999 0.874606325 0.54407946875 0.8792105156250001 0.5564295359375 0.8744951656250001 0.55858790625 0.8637157046875 0.54380716875 0.827450690625 0.5380633546875 0.774230946875 0.5151081343749999 0.7087739453124999 0.50038295 0.6889015015625 0.501593278125 0.66083383125 0.513126440625 0.64567885625 0.5397782125 0.6443322171875 0.5482805515625
2 0.523979590625 0.6178274234375001 0.5402609984375 0.63929 0.5452029078125 0.6633143890625 0.5706926984375 0.7094770968749999 0.600335684375 0.7432241671875001 0.631549746875 0.7670518453125 0.657935178125 0.7799465109375 0.68184965625 0.780828984375 0.6940869140625 0.772598946875 0.7012711031250001 0.7548529546875 0.726645496875 0.76032446875 0.7446091453125 0.757359215625 0.7571820046875 0.7332036828125 0.7513423359375 0.7148475203125 0.714064165625 0.6740807375 0.658822346875 0.636279209375 0.6179531421875 0.6181853296875001 0.5862902 0.597191765625 0.5449721140625 0.581932 0.5310504984375 0.586990053125 0.531950375 0.60892164375 0.5220707921875001 0.6160724953125001 0.523979590625 0.6178274234375001
0 0.7862268218749999 0.2874966296875 0.7867889796875 0.297753896875 0.7963329625 0.306528534375 0.825973828125 0.31267579218749997 0.8422531203125001 0.306538553125 0.8369756109375001 0.29843965625 0.8158676874999999 0.2936438859375 0.7967797234375 0.27609460625 0.7864512609375 0.2860795734375 0.7862268218749999 0.2874966296875
0 0.755730559375 0.8390139046874999 0.7769517609375 0.8569010546875001 0.795139846875 0.8525187421875 0.7796450359375 0.8398963765625 0.7767252015625 0.8307182953125001 0.7641502250000001 0.8272740109375001 0.757077196875 0.8305115656250001 0.755730559375 0.8390139046874999
0 0.667592440625 0.8018125296875 0.6747787453125 0.8116663546874999 0.6875781640625 0.8136935828125 0.6955489499999999 0.8047878015625001 0.6904958796875 0.79527185 0.6800541390625 0.7921654359375 0.66568364375 0.8000576015625 0.667592440625 0.8018125296875
0 0.4322461984375 0.548099321875 0.433481675 0.5541054187500001 0.4417901796875 0.5568739609375 0.45975382812500004 0.55390870625 0.4511076046875 0.5394658421875 0.440216984375 0.5391935421875 0.43033740312499996 0.54634439375 0.4322461984375 0.548099321875
0 0.4577338703125 0.566662215625 0.46941108906249995 0.5757747265625001 0.48310826406249996 0.5721337281250001 0.4742376015625 0.55910791875 0.45863162968750004 0.5609939890625 0.4577338703125 0.566662215625
0 0.7312285046875 0.49667638125 0.7518875484375 0.504306265625 0.76726908125 0.503837253125 0.763675928125 0.498910340625 0.7775975421875 0.4938522859375 0.7751265875 0.4818400921875 0.7557030234375001 0.48021630625 0.729319709375 0.4949214546875 0.7312285046875 0.49667638125
0 0.719433771875 0.4192728625 0.7317843093749999 0.42413420312500005 0.75536106875 0.413342353125 0.7500835578125 0.4052434546875 0.7313333125 0.39936850156250003 0.72100485 0.409353465625 0.719433771875 0.4192728625
0 0.5548347515625001 0.353982625 0.5662875296875 0.3645121921875 0.58548665625 0.36755303437500003 0.5794225468749999 0.3506139265625 0.5555080718750001 0.3497314546875 0.5548347515625001 0.353982625
0 0.710607590625 0.9858431734374999 0.7272246015625 0.9913802578125 0.7375530625 0.981395290625 0.723293728125 0.974779021875 0.7110564703125 0.983009059375 0.710607590625 0.9858431734374999
0 0.5826070671875 0.8827714421874999 0.5989996359374999 0.8897255828124999 0.6050616265625 0.8790648734375001 0.5952932046875 0.871707290625 0.5839537046875 0.8742691031250001 0.5826070671875 0.8827714421874999
0 0.9003417390624999 0.864823271875 0.914938790625 0.8831138656249999 0.9281870890624999 0.88230698125 0.9285226874999999 0.8663814890625 0.9208875031250001 0.859361778125 0.9104457609375001 0.8562553640624999 0.90079061875 0.8619891609374999 0.9003417390624999 0.864823271875
0 0.3011934984375 0.17435979375 0.3107374796875 0.1831344328125 0.3344275171875 0.1854339609375 0.34093838593750003 0.171939140625 0.33543643749999996 0.1652573 0.3205037828125 0.1628922 0.3014179375 0.1729427359375 0.3011934984375 0.17435979375