2 0.30272596875 0.41900647968750004 0.32568149218750003 0.4254859609375 0.32137733125 0.4341252703125 0.32281205156250004 0.46652267812500003 0.3371592546875 0.49460043125 0.35437589687500004 0.5010799140625 0.3687230984375 0.49676025937499996 0.3988522234375 0.46652267812500003 0.4175035875 0.43844492500000004 0.4619799140625 0.356371490625 0.4835007171875 0.33045356406250004 0.49067431875 0.29805615625000004 0.47776183593750005 0.27429805625000003 0.4701104734375 0.27429805625000003 0.41319942656249997 0.28509719218749996 0.35150645625 0.3153347734375 0.3285509328125 0.33045356406250004 0.30272596875 0.36285097187500004 0.294117646875 0.40172786250000003 0.30272596875 0.41900647968750004
2 0.3802008609375 0.650107990625 0.4232424671875 0.6414686828125 0.47919655624999996 0.6479481640625 0.5251076046875001 0.6414686828125 0.5494978484375 0.6263498921874999 0.566714490625 0.5961123109375001 0.5681492109375 0.5529157671875 0.5595408890625 0.5313174953125 0.55810616875 0.5010799140625 0.542324246875 0.48380129531250005 0.5322812046875 0.48380129531250005 0.48637015781250004 0.4924406046875 0.408895265625 0.5442764578125 0.3572453375 0.609071275 0.35437589687500004 0.6177105828125 0.3586800578125 0.6349892015624999 0.3802008609375 0.650107990625
2 0.48637015781250004 0.8660907124999999 0.499282640625 0.8790496765625001 0.4964132 0.8833693296874999 0.4849354375 0.8768898484375001 0.482065996875 0.902807775 0.5050215203125 0.8920086390625 0.5078909609375 0.8984881203124999 0.52080344375 0.8920086390625 0.523672884375 0.8768898484375001 0.52080344375 0.874730021875 0.52080344375 0.887688984375 0.5150645625 0.8898488125 0.5150645625 0.8768898484375001 0.5021520796875001 0.8639308859374999 0.5050215203125 0.857451403125 0.5107604015625 0.85313175 0.5164992828125 0.8617710578125 0.52797704375 0.8639308859374999 0.548063128125 0.844492440625 0.5796269734374999 0.78617710625 0.58823529375 0.7580993515625 0.585365853125 0.697624190625 0.5767575328125 0.6717062640625 0.5638450500000001 0.6587473 0.53945480625 0.6609071281250001 0.5251076046875001 0.650107990625 0.5164992828125 0.650107990625 0.48780487812500006 0.6609071281250001 0.47202295625 0.6868250546875 0.46771879531250005 0.7062634984375 0.47202295625 0.7732181421875 0.48637015781250004 0.82937365 0.48637015781250004 0.8660907124999999
2 0.609756096875 0.6781857453125 0.6384505015624999 0.7386609078124999 0.6728837875 0.7818574515625001 0.6901004296875 0.7904967609375 0.7159253953125 0.7818574515625001 0.721664275 0.764578834375 0.7202295546874999 0.7386609078124999 0.73888091875 0.734341253125 0.748923959375 0.7235421171875001 0.7517934000000001 0.6997840171874999 0.7431850796874999 0.6717062640625 0.724533715625 0.637149028125 0.6958393109375 0.6025917921875 0.654232425 0.5701943843749999 0.6312769015625 0.561555075 0.6126255375 0.54211663125 0.6111908171875 0.539956803125 0.602582496875 0.5485961125000001 0.5810616937499999 0.5442764578125 0.5738880921875 0.557235421875 0.5824964125000001 0.600431965625 0.5982783359375 0.6349892015624999 0.609756096875 0.6781857453125
0 0.2625538015625 0.76241900625 0.2553802015625 0.7516198703125 0.245337159375 0.74946004375 0.24390243906250003 0.74946004375 0.2324246765625 0.7580993515625 0.24677187968749997 0.7796976234375 0.2482066 0.801295896875 0.2553802015625 0.8077753781249999 0.263988521875 0.7926565875 0.2625538015625 0.76241900625
0 0.7948350078125 0.80561555 0.7862266859375 0.80561555 0.7819225249999999 0.8120950328125 0.7833572453125 0.8250539953124999 0.7919655671875 0.82937365 0.8020086078125 0.8466522671875 0.8091822093750001 0.82937365 0.7948350078125 0.80561555
0 0.7718794828125 0.71274298125 0.7704447625 0.710583153125 0.760401721875 0.7235421171875001 0.7618364421875 0.734341253125 0.7704447625 0.740820734375 0.7804878046875 0.734341253125 0.7804878046875 0.7213822890625 0.7718794828125 0.71274298125
0 0.55810616875 0.44060475156249995 0.5566714484374999 0.43844492500000004 0.548063128125 0.44708423281250004 0.5466284078125 0.45788336875 0.5595408890625 0.46868250468749995 0.5652797703125 0.4514038875 0.5638450500000001 0.442764578125 0.55810616875 0.44060475156249995
0 0.5624103296875 0.48380129531250005 0.5738880921875 0.49460043125 0.5796269734374999 0.48164146875 0.572453371875 0.46868250468749995 0.566714490625 0.46868250468749995 0.5624103296875 0.48380129531250005
0 0.4648493546875 0.74946004375 0.46054519374999997 0.7278617703125 0.45911047343750006 0.7257019437500001 0.44045911093749995 0.74946004375 0.43902439062500004 0.7688984875 0.45050215156249995 0.7732181421875 0.45767575312500003 0.7602591796875 0.4619799140625 0.764578834375 0.4648493546875 0.74946004375
0 0.37589670000000003 0.704103671875 0.3644189390625 0.71274298125 0.367288378125 0.732181425 0.3744619796875 0.7386609078124999 0.3888091828125 0.7170626343750001 0.3859397421875 0.704103671875 0.37589670000000003 0.704103671875
0 0.34002869375 0.55507559375 0.3558106171875 0.5637149031249999 0.3558106171875 0.5442764578125 0.3472022953125 0.5313174953125 0.342898134375 0.5313174953125 0.34002869375 0.55507559375
0 0.93400286875 0.7948164140625 0.9383070296874999 0.8099352046874999 0.9497847921875 0.801295896875 0.9469153515625001 0.784017278125 0.9440459109375 0.784017278125 0.93400286875 0.7948164140625
0 0.8522238156249999 0.6522678187500001 0.857962696875 0.6630669546875 0.869440459375 0.6587473 0.8651362984375 0.6414686828125 0.8565279765625 0.6414686828125 0.8522238156249999 0.6522678187500001
0 0.797704446875 0.9524838015625001 0.7948350078125 0.9524838015625001 0.78766140625 0.961123109375 0.7890961265625 0.9719222468750001 0.7948350078125 0.9805615546875 0.8106169296875001 0.9827213828125 0.8134863703124999 0.96976241875 0.797704446875 0.9524838015625001
0 0.209469153125 0.25269978437499996 0.20803443281249998 0.25269978437499996 0.1951219515625 0.2699784015625 0.1951219515625 0.28509719218749996 0.20086083281249997 0.2915766734375 0.21520803437499997 0.28725701875 0.2166427546875 0.2634989203125 0.209469153125 0.25269978437499996