2 0.478131403125 0.370516853125 0.51356234375 0.39432281874999997 0.5446830765625 0.4072740171875 0.6337350749999999 0.43527283906249997 0.663283178125 0.45145287031250003 0.6964541421875 0.45231295625 0.717311921875 0.435104453125 0.7158519734375 0.42759366718749997 0.6943921078125 0.37378880937500003 0.6529385015625 0.31899891406249997 0.633717365625 0.29934995 0.5969875546875001 0.2801811796875 0.557182396875 0.279149078125 0.54186378125 0.29089615625 0.5398834671875 0.314666265625 0.5305816140624999 0.3120896421875 0.49905319531250003 0.31967971875 0.474228884375 0.3391208109375 0.47115353750000005 0.3572574796875 0.478131403125 0.370516853125
2 0.4610599265625 0.576993921875 0.48061883281249995 0.5644226156250001 0.51002710625 0.5572446515625 0.5239769359374999 0.5384557734375 0.5220606328125 0.52859725 0.5048198109375 0.485178175 0.43915342187500006 0.4190174625 0.3656937984375 0.3806799234375 0.356665703125 0.379511659375 0.3405258140625 0.3870336578125 0.32979116249999996 0.41104386406250004 0.3464844671875 0.45164621718750003 0.3508005765625 0.5078086140625 0.3659212515625 0.5516398046875 0.3854161453125 0.5726971296875 0.41838326718749996 0.5838278515625 0.4610599265625 0.576993921875
2 0.1103388953125 0.5837811 0.1191631484375 0.5952200000000001 0.134551678125 0.5951519203125 0.1361243078125 0.5919230843750001 0.1234034390625 0.594395771875 0.1201882625 0.5891744437499999 0.13290913437500002 0.5867017578125 0.1431661859375 0.5715538265625 0.1500741375 0.5731342046875 0.15540945625 0.5779434171875 0.14802390781250002 0.5852253171874999 0.1480938203125 0.5969043140625 0.17100773281249998 0.6129123296875 0.234274315625 0.6327691671875 0.26347874843749997 0.635861840625 0.3222952953125 0.621505915625 0.346094490625 0.60811038125 0.3563515453125 0.59296245 0.3495775203125 0.5694324374999999 0.3574406734375 0.5532882625 0.355798128125 0.5448381 0.33972225 0.5187314640625 0.3112691765625 0.508184875 0.2913665984375 0.5076688234375 0.22646337343749998 0.524669453125 0.174077175 0.54946803125 0.1380347078125 0.556473978125 0.1277776546875 0.5716219078125 0.1229898515625 0.5696294156249999 0.127160225 0.5571261890625 0.10117096875 0.5592548421875 0.11615181562500002 0.5797280359375 0.1103388953125 0.5837811
2 0.3077457453125 0.7617219656249999 0.315544884375 0.779206421875 0.3280619125 0.7870043718749999 0.3519310234375 0.7852878343749999 0.3778503640625 0.771480184375 0.40821383906250003 0.7465776671875 0.43666101093750004 0.711816628125 0.46052421875 0.6647924609375 0.464624678125 0.6406102375 0.4801471359375 0.6185925218749999 0.4819935234375 0.616772046875 0.4718703984375 0.6099703421875 0.472004325 0.5880207078125 0.45791466718749996 0.58345159375 0.41715430937500003 0.6001440437500001 0.3862433203125 0.622229840625 0.3460304796875 0.6417390109375 0.29214156562500004 0.6814454234375 0.25630884531250003 0.7234883625 0.2511133546875 0.74203714375 0.264521571875 0.765739175 0.28257776093750003 0.7680757 0.3077457453125 0.7617219656249999
0 0.1561953109375 0.310322721875 0.15120366406250002 0.31860086718749997 0.167687225 0.3241662265625 0.1970955 0.3169882640625 0.20632743750000002 0.307885890625 0.20653127968749999 0.297615253125 0.20625752187500002 0.29620689218749996 0.19558688125 0.2865884671875 0.17712300625 0.304793215625 0.1561953109375 0.310322721875
0 0.23567261875 0.8663491171875 0.25625664062500003 0.8477322546874999 0.2546140953125 0.8392820921874999 0.2474323859375 0.8362933531250001 0.23498527343750003 0.8401744015625001 0.232387528125 0.8494487921875 0.2173426703125 0.8626042296875 0.23567261875 0.8663491171875
0 0.33620472343749996 0.8175761859374999 0.34304275781250004 0.8074775656250001 0.3448891453125 0.805657090625 0.330251971875 0.79827125625 0.3199250046875 0.8017401890625001 0.3152071140625 0.8114266921875 0.3234838515625 0.8200488734375 0.33620472343749996 0.8175761859374999
0 0.56836605625 0.5517510031249999 0.5693911703125 0.545705446875 0.5712375578125 0.5438849718750001 0.5611144328125001 0.53708326875 0.55023995 0.53773548125 0.5421030421874999 0.5524712953125 0.5601592328125 0.554807821875 0.56836605625 0.5517510031249999
0 0.5193988765625 0.5715002734375 0.5332147765624999 0.574661028125 0.5445668593749999 0.5651465390625 0.5434718296875001 0.5595130984375001 0.5278095406250001 0.5581728171875 0.5193988765625 0.5715002734375
0 0.2364466671875 0.5081131609375 0.23302765 0.5131624718750001 0.24841618125 0.513094390625 0.26879636093750003 0.5047481656249999 0.270642746875 0.502927690625 0.24376230312499997 0.489152265625 0.224407240625 0.491452934375 0.22235700937499997 0.5035440453125 0.2364466671875 0.5081131609375
0 0.2759662609375 0.41712164375 0.2652956203125 0.40750322031249997 0.24676183125 0.41402896875 0.24177018125 0.4223071140625 0.26570920937500003 0.432269575 0.2778825640625 0.42698016718750004 0.2759662609375 0.41712164375
0 0.4099430875 0.370617159375 0.42902439374999995 0.366908128125 0.44010271875000007 0.3559852796875 0.43928144687500004 0.3517601984375 0.41541233593750004 0.3534767359375 0.4099430875 0.370617159375
0 0.2793921015625 0.9893925203125 0.2900627421875 0.9990109468749999 0.3064763890625 0.9928973093750001 0.30592887343749997 0.9900805890625 0.2934118453125 0.9822826375 0.2793921015625 0.9893925203125
0 0.408231546875 0.8825005562499999 0.4146618984375 0.8929432109375 0.4308017859375 0.8854212140625 0.42915924062500005 0.8769710500000001 0.41773724218749997 0.8748065421875 0.408231546875 0.8825005562499999
0 0.098684459375 0.8973616375000001 0.1126342875 0.8785727578125 0.112086771875 0.8757560375000001 0.1022374046875 0.87036269375 0.0919104359375 0.8738316265625 0.0845248859375 0.881113525 0.08541607343749999 0.8970176046875 0.098684459375 0.8973616375000001
0 0.678088778125 0.1767222921875 0.6873207156250001 0.1676199171875 0.6870469578125 0.16621155625 0.6676219796875 0.1568332296875 0.6527809640625 0.15971803125 0.647515559375 0.166587815625 0.654493425 0.17984719062500001 0.678088778125 0.1767222921875