2 0.225 0.23875000000000002 0.2383333328125 0.24500000000000002 0.24500000000000002 0.2425 0.2341666671875 0.2225 0.225 0.2225 0.225 0.23875000000000002
2 0.2316666671875 0.27625 0.2316666671875 0.2875 0.2391666671875 0.29500000000000004 0.2483333328125 0.27999999999999997 0.2508333328125 0.26749999999999996 0.24666666718750002 0.26375000000000004 0.2316666671875 0.27625
2 0.22916666718749998 0.465 0.24 0.47750000000000004 0.24416666718750002 0.46375 0.23583333281250002 0.45125000000000004 0.22833333281249998 0.44875 0.22916666718749998 0.465
2 0.2233333328125 0.7075 0.23500000000000001 0.7075 0.24 0.6775 0.23333333281250002 0.675 0.2225 0.69375 0.2233333328125 0.7075
2 0.3275 0.22000000000000003 0.3258333328125 0.2475 0.32999999999999996 0.25125000000000003 0.3375 0.2375 0.33999999999999997 0.2225 0.3341666671875 0.21749999999999997 0.3275 0.22000000000000003
2 0.39 0.16499999999999998 0.3958333328125 0.17250000000000001 0.4033333328125 0.14125000000000001 0.395 0.13874999999999998 0.39 0.15125 0.39 0.16499999999999998
2 0.38333333281250004 0.28625 0.3875 0.29 0.4016666671875 0.27875 0.3966666671875 0.26375000000000004 0.3866666671875 0.275 0.38333333281250004 0.28625
2 0.41500000000000004 0.26625 0.4141666671875 0.29500000000000004 0.4233333328125 0.3 0.4258333328125 0.2925 0.42416666718749996 0.27749999999999997 0.42000000000000004 0.26625 0.41500000000000004 0.26625
2 0.3991666671875 0.5549999999999999 0.40416666718750005 0.5575 0.4158333328125 0.53625 0.4066666671875 0.5287499999999999 0.4 0.54 0.3991666671875 0.5549999999999999
2 0.5175 0.3725 0.5258333328125 0.3725 0.5275000000000001 0.3625 0.5225 0.34500000000000003 0.5166666671875 0.34750000000000003 0.5175 0.3725
2 0.605 0.1775 0.6058333328125001 0.1875 0.6108333328125 0.185 0.6174999999999999 0.17375000000000002 0.6183333328125 0.1625 0.6108333328125 0.16125 0.605 0.1775
2 0.5991666671875 0.3875 0.5958333328125 0.395 0.6008333328125001 0.41875 0.6058333328125001 0.4175 0.6141666671875 0.40125 0.6116666671875 0.39375 0.6033333328125 0.3875 0.5991666671875 0.3875
2 0.5516666671875 0.48250000000000004 0.5508333328125 0.49625 0.5558333328125 0.49625 0.5633333328125001 0.485 0.5641666671875 0.475 0.5566666671875 0.47125000000000006 0.5516666671875 0.48250000000000004
2 0.7166666671875 0.28500000000000003 0.7150000000000001 0.30125 0.72 0.3125 0.7241666671875 0.3125 0.7283333328125 0.30874999999999997 0.7291666671875 0.29874999999999996 0.7166666671875 0.28500000000000003
2 0.7175 0.36375 0.7241666671875 0.36625 0.7266666671875 0.35875 0.725 0.34750000000000003 0.7166666671875 0.34500000000000003 0.7175 0.36375
2 0.9991666671875 0.155 0.9991666671875 0.1325 0.99 0.14375 0.9891666671875001 0.15875 0.9991666671875 0.155