2 0.24960555 0.766077178125 0.2469895828125 0.75945515625 0.22718169531250001 0.7706358875 0.22734167656249998 0.779801159375 0.2435892015625 0.7795175578125 0.24960555 0.766077178125
2 0.280967140625 0.7721974406250001 0.2922154265625 0.7720011 0.2995833921875 0.76437135 0.2844256953125 0.7554678671875 0.27188396875 0.753186403125 0.2682072578125 0.7574178796875 0.280967140625 0.7721974406250001
2 0.482041053125 0.7603530796875 0.468220428125 0.7564270171875 0.45586776875 0.7649772375 0.45349904218750003 0.7725197265625 0.4697320234375 0.7714029171875 0.482041053125 0.7603530796875
2 0.7120932843750001 0.761338265625 0.6820105921875 0.7568625984375 0.679627321875 0.7635718812500001 0.6985635343750001 0.7740763312500001 0.7122968953125 0.7730031546875 0.7120932843750001 0.761338265625
2 0.2230531859375 0.6773604015625 0.250578084375 0.6785468734375 0.2542547953125 0.6743153937499999 0.24037599531249998 0.6670565078124999 0.22533465000000003 0.6648186734375 0.22043721718749998 0.6707383796874999 0.2230531859375 0.6773604015625
2 0.1743678390625 0.609866465625 0.1429917046875 0.6029129953125001 0.1406375234375 0.6112886890625 0.15322288125 0.6160697734375 0.1669707875 0.615829803125 0.1743678390625 0.609866465625
2 0.2919953796875 0.6161478703125 0.28049985 0.6021797015625 0.265589396875 0.607440725 0.2770122078125 0.6172428625 0.28831866875 0.62037935 0.2919953796875 0.6161478703125
2 0.26776905625 0.5890665546875 0.2965292203125 0.589398003125 0.301368478125 0.580145471875 0.293825990625 0.5777767453125 0.27885736250000004 0.57970494375 0.26768179375 0.584067315625 0.26776905625 0.5890665546875
2 0.5591637640625 0.5948152234374999 0.5377133890625 0.5835211984375 0.5303745125 0.5928173609375 0.5417391484375 0.5992866734375 0.5567514078125 0.59985809375 0.5591637640625 0.5948152234374999
2 0.372068565625 0.4763957828125 0.362041 0.47490389375 0.344630928125 0.48020854999999996 0.347232353125 0.48599736250000003 0.3722140015625 0.484727846875 0.372068565625 0.4763957828125
2 0.17571661562500002 0.40064439375000005 0.1857005484375 0.39963666249999996 0.1831136671875 0.39468105625 0.17174903125000002 0.38821174375 0.16048620156249999 0.3875748765625 0.159367284375 0.39509555 0.17571661562500002 0.40064439375000005
2 0.38571371875 0.39864580156249996 0.3857864375 0.4028118328125 0.3933434703125 0.406013765625 0.417002590625 0.4006000328125 0.41566551875 0.395622609375 0.39927255625 0.3875741453125 0.3918173296875 0.3902046578125 0.38571371875 0.39864580156249996
2 0.48160095781249995 0.44864661874999995 0.4953634078125 0.44923985625 0.4952761453125 0.44424061718749996 0.48389696562499995 0.4369381 0.4738839453125 0.43627941562499994 0.47026540937499994 0.44384372031249997 0.48160095781249995 0.44864661874999995
2 0.281251390625 0.2871186 0.297528003125 0.28850141093750004 0.308689028125 0.2833058328125 0.308616309375 0.2791398 0.3047941625 0.275039215625 0.2947811421875 0.2743805328125 0.281251390625 0.2871186
2 0.3623581234375 0.278201734375 0.354815634375 0.27583300781250003 0.343596434375 0.27769576093750004 0.341242253125 0.2860714546875 0.359974853125 0.2849110171875 0.3623581234375 0.278201734375
2 0.13525257968749999 0.0162920484375 0.15026483906250002 0.01686346875 0.1463408859375 0.0069304390625 0.12384431250000001 0.0073231171875 0.13525257968749999 0.0162920484375