2 0.8231249343749999 0.29200027031250003 0.8248740171875 0.2830020203125 0.8089225750000001 0.279901375 0.8002432859375 0.29179717968749996 0.80142529375 0.29881838437499997 0.8231249343749999 0.29200027031250003
2 0.75100291875 0.2830747546875 0.76397824375 0.2949351375 0.7757715609375 0.2997743171875 0.7802477015625 0.2963997390625 0.7708394953125 0.27929021875000004 0.759796190625 0.2771436171875 0.75100291875 0.2830747546875
2 0.5982597015625 0.24998875781250002 0.6021448375 0.243103575 0.5860343875 0.240820953125 0.57169695 0.249070134375 0.5843992859375 0.25578387187499996 0.5982597015625 0.24998875781250002
2 0.3790976421875 0.2048411765625 0.3627592296875 0.1906292140625 0.3491028484375 0.1888236125 0.34687674375 0.2002759296875 0.37537151406249997 0.2109083359375 0.3790976421875 0.2048411765625
2 0.776617290625 0.3805871171875 0.788683596875 0.39057294374999996 0.8029309828125 0.395889146875 0.8089521703125 0.391117034375 0.8077701625 0.3840958296875 0.78109343125 0.3772125359375 0.776617290625 0.3805871171875
2 0.8746477640625001 0.4658588953125 0.8633314703125 0.458565646875 0.8498340953125 0.45594202343749995 0.8413588390625 0.4602371140625 0.8706036218750001 0.4735620984375 0.8746477640625001 0.4658588953125
2 0.7516263515625 0.4436438171875 0.7424911359374999 0.43168094375 0.732083859375 0.42626225156249997 0.7276077203125 0.42963683125 0.7359478984375001 0.4456898171875 0.7516263515625 0.4436438171875
2 0.7109541265625 0.46290371406249997 0.7178393078124999 0.46678885000000003 0.7328817296875 0.468014940625 0.7447200734375 0.46607142812499996 0.74567411875 0.46116329218749996 0.7176113453124999 0.45485951093750004 0.7109541265625 0.46290371406249997
2 0.4895870578125 0.4028957046875 0.47981581249999994 0.394204921875 0.4652504125 0.3905247640625 0.4618422984375 0.394955878125 0.480475771875 0.4104628859375 0.4895870578125 0.4028957046875
2 0.6478590109375 0.5516620062500001 0.6465179953125 0.545458825 0.6218183078124999 0.541506621875 0.6202282343750001 0.5496868484374999 0.629726490625 0.5532309843750001 0.6478590109375 0.5516620062500001
2 0.7880645656249999 0.6689018453125 0.7978358109375 0.677592628125 0.808720109375 0.6805572515625 0.8113782109375001 0.673433559375 0.7965398218749999 0.6646067546875 0.7865645421874999 0.6635166875 0.7880645656249999 0.6689018453125
2 0.5847849921875 0.6141075484375 0.5605173015625 0.614483971875 0.560790290625 0.61963061875 0.5751516578125 0.6309114921875 0.582990884375 0.6298884921875 0.590716128125 0.6229008203124999 0.591511165625 0.6188107078125 0.5847849921875 0.6141075484375
2 0.4930276 0.5555230515625 0.5026398375000001 0.56503185625 0.5122971015625 0.5677579703125 0.517409271875 0.5611113 0.5073200109375 0.5540565625 0.4939816453125 0.550614915625 0.4930276 0.5555230515625
2 0.6420771171874999 0.7517346671875 0.6412820796875 0.7558247812500001 0.6441681453125 0.7606304265625 0.653825409375 0.763356540625 0.6697078953125 0.7537098249999999 0.65407446875 0.7489731328125 0.6420771171874999 0.7517346671875
2 0.606766121875 0.7499644875 0.6108102640624999 0.7422612843749999 0.592245746875 0.7395016375 0.58851961875 0.745568796875 0.5954048000000001 0.7494539328125 0.606766121875 0.7499644875